====================================================================================================
ДАННЫЕ СОБСТВЕННЫХ МОД
====================================================================================================

    Поле (Э)     Mode1_Re     Mode1_Im     Mode2_Re     Mode2_Im      Rec+_Re      Rec+_Im      Rec-_Re      Rec-_Im
----------------------------------------------------------------------------------------------------
     1550.00     6.342231     0.004361     6.461188     0.007719     6.459105    -0.003884     6.344314 -1411.615574
     1560.00     6.345086     0.004365     6.461260     0.007756     6.459105    -0.003884     6.372314 -1411.615574
     1570.00     6.348022     0.004403     6.461326     0.007762     6.459105    -0.003884     6.400314 -1411.615574
     1580.00     6.350923     0.004509     6.461401     0.007762     6.459105    -0.003884     6.428314 -1411.615574
     1590.00     6.354082     0.004571     6.461468     0.007762     6.459105    -0.003884     6.456314 -1411.615574
     1600.00     6.356866     0.004603     6.461508     0.007764     6.484314 -1411.615574     6.459105    -0.003884
     1610.00     6.359749     0.004634     6.461554     0.007867     6.512314 -1411.615574     6.459105    -0.003884
     1620.00     6.362769     0.004684     6.461554     0.007872     6.540314 -1411.615574     6.459105    -0.003884
     1630.00     6.365575     0.004688     6.461554     0.007872     6.568314 -1411.615574     6.459105    -0.003884
     1640.00     6.368646     0.004715     6.461554     0.007872     6.596314 -1411.615574     6.459105    -0.003884
     1650.00     6.371443     0.004715     6.461696     0.007867     6.624314 -1411.615574     6.459105    -0.003884
     1660.00     6.374330     0.004740     6.461703     0.007534     6.652314 -1411.615574     6.459105    -0.003884
     1670.00     6.377193     0.004888     6.461888     0.007336     6.680314 -1411.615574     6.459105    -0.003884
     1680.00     6.380057     0.004925     6.461995     0.007122     6.708314 -1411.615574     6.459105    -0.003884
     1690.00     6.382927     0.004925     6.462028     0.005869     6.736314 -1411.615574     6.459105    -0.003884
     1700.00     6.385848     0.004925     6.462028     0.005869     6.764314 -1411.615574     6.459105    -0.003884
     1710.00     6.388734     0.004925     6.461888     0.005568     6.792314 -1411.615574     6.459105    -0.003884
     1720.00     6.391485     0.004925     6.461401     0.005344     6.820314 -1411.615574     6.459105    -0.003884
     1730.00     6.394311     0.004925     6.461401     0.004996     6.848314 -1411.615574     6.459105    -0.003884
     1740.00     6.397178     0.004925     6.461814     0.004996     6.876314 -1411.615574     6.459105    -0.003884
     1750.00     6.399892     0.004923     6.461888     0.004996     6.904314 -1411.615574     6.459105    -0.003884
     1760.00     6.402643     0.004900     6.462575     0.004996     6.932314 -1411.615574     6.459105    -0.003884
     1770.00     6.405336     0.004887     6.462575     0.004996     6.960314 -1411.615574     6.459105    -0.003884
     1780.00     6.408176     0.004856     6.462575     0.005609     6.988314 -1411.615574     6.459105    -0.003884
     1790.00     6.410767     0.004762     6.462575     0.005609     7.016314 -1411.615574     6.459105    -0.003884
     1800.00     6.413421     0.004660     6.462575     0.005609     7.044314 -1411.615574     6.459105    -0.003884
     1810.00     6.416037     0.004550     6.463213     0.005464     7.072314 -1411.615574     6.459105    -0.003884
     1820.00     6.418679     0.004396     6.463849     0.005464     7.100314 -1411.615574     6.459105    -0.003884
     1830.00     6.421172     0.004396     6.464538     0.005609     7.128314 -1411.615574     6.459105    -0.003884
     1840.00     6.423706     0.004396     6.465698     0.005699     7.156314 -1411.615574     6.459105    -0.003884
     1850.00     6.426215     0.004396     6.466213     0.005707     7.184314 -1411.615574     6.459105    -0.003884
     1860.00     6.428668     0.004396     6.467276     0.005707     7.212314 -1411.615574     6.459105    -0.003884
     1870.00     6.431016     0.004396     6.468358     0.005609     7.240314 -1411.615574     6.459105    -0.003884
     1880.00     6.433219     0.004474     6.469142     0.005464     7.268314 -1411.615574     6.459105    -0.003884
     1890.00     6.435196     0.004788     6.469750     0.005449     7.296314 -1411.615574     6.459105    -0.003884
     1900.00     6.437195     0.005167     6.470618     0.005373     7.324314 -1411.615574     6.459105    -0.003884
     1910.00     6.438586     0.005174     6.470739     0.005373     7.352314 -1411.615574     6.459105    -0.003884
     1920.00     6.438745     0.005248     6.471927     0.005373     7.380314 -1411.615574     6.459105    -0.003884
     1930.00     6.441633     0.005291     6.473669     0.005044     7.408314 -1411.615574     6.459105    -0.003884
     1940.00     6.441908     0.005442     6.475494     0.004926     7.436314 -1411.615574     6.459105    -0.003884
     1950.00     6.444193     0.005544     6.477395     0.004913     7.464314 -1411.615574     6.459105    -0.003884
     1960.00     6.445372     0.005551     6.479291     0.004808     7.492314 -1411.615574     6.459105    -0.003884
     1970.00     6.446427     0.005584     6.481334     0.004799     7.520314 -1411.615574     6.459105    -0.003884
     1980.00     6.447400     0.005544     6.483444     0.004776     7.548314 -1411.615574     6.459105    -0.003884
     1990.00     6.447783     0.005518     6.485680     0.004739     7.576314 -1411.615574     6.459105    -0.003884
     2000.00     6.448603     0.005518     6.487986     0.004558     7.604314 -1411.615574     6.459105    -0.003884
     2010.00     6.449392     0.005518     6.490277     0.004434     7.632314 -1411.615574     6.459105    -0.003884
     2020.00     6.450112     0.005584     6.492787     0.004316     7.660314 -1411.615574     6.459106    -0.003884
     2030.00     6.451102     0.005585     6.495233     0.004155     7.688314 -1411.615574     6.459106    -0.003884
     2040.00     6.451516     0.005648     6.497626     0.004008     7.716314 -1411.615574     6.459106    -0.003884
     2050.00     6.451778     0.005648     6.500135     0.003943     7.744314 -1411.615574     6.459106    -0.003884
     2060.00     6.451898     0.005639     6.502791     0.003813     7.772314 -1411.615574     6.459106    -0.003884
     2070.00     6.452369     0.005639     6.505292     0.003684     7.800314 -1411.615574     6.459106    -0.003884
     2080.00     6.452413     0.005779     6.507955     0.003621     7.828314 -1411.615574     6.459106    -0.003884
     2090.00     6.452829     0.005850     6.510521     0.003554     7.856314 -1411.615574     6.459106    -0.003884
     2100.00     6.452829     0.005960     6.513191     0.003547     7.884314 -1411.615574     6.459106    -0.003884
     2110.00     6.453260     0.005960     6.515623     0.003443     7.912314 -1411.615574     6.459106    -0.003884
     2120.00     6.453260     0.005964     6.518357     0.003426     7.940314 -1411.615574     6.459106    -0.003884
     2130.00     6.453541     0.005960     6.520925     0.003414     7.968314 -1411.615574     6.459106    -0.003884
     2140.00     6.453743     0.005940     6.523517     0.003410     7.996314 -1411.615574     6.459106    -0.003884
     2150.00     6.453994     0.005960     6.526154     0.003371     8.024314 -1411.615574     6.459106    -0.003884
     2160.00     6.454215     0.005960     6.528762     0.003371     8.052314 -1411.615574     6.459106    -0.003884
     2170.00     6.454432     0.005964     6.531576     0.003371     8.080314 -1411.615574     6.459106    -0.003884
     2180.00     6.454514     0.005966     6.534237     0.003371     8.108314 -1411.615574     6.459106    -0.003884
     2190.00     6.454514     0.005966     6.534237     0.003364     8.136314 -1411.615574     6.459106    -0.003884
     2200.00     6.454514     0.005964     6.534237     0.003361     8.164314 -1411.615574     6.459106    -0.003884
     2210.00     6.454514     0.005940     6.534237     0.003358     8.192314 -1411.615574     6.459106    -0.003884
     2220.00     6.454514     0.005930     6.534237     0.003358     8.220314 -1411.615574     6.459106    -0.003884
     2230.00     6.454514     0.005928     6.534237     0.003319     8.248314 -1411.615574     6.459106    -0.003884
