====================================================================================================
ДАННЫЕ СОБСТВЕННЫХ МОД
====================================================================================================

    Поле (Э)     Mode1_Re     Mode1_Im     Mode2_Re     Mode2_Im      Rec+_Re      Rec+_Im      Rec-_Re      Rec-_Im
----------------------------------------------------------------------------------------------------
     2856.00     3.388814     0.000000     3.668949     0.053503     3.644472    -0.095908     3.413291    -0.387766
     2856.50     3.390285     0.000825     3.669181     0.054264     3.644304    -0.095960     3.414859    -0.387714
     2857.00     3.391084     0.000833     3.669185     0.056615     3.644135    -0.096012     3.416429    -0.387662
     2857.50     3.392723     0.000833     3.669211     0.057051     3.643964    -0.096062     3.417999    -0.387612
     2858.00     3.393273     0.000844     3.669211     0.057113     3.643792    -0.096112     3.419571    -0.387562
     2858.50     3.394874     0.000847     3.669227     0.057113     3.643619    -0.096161     3.421145    -0.387513
     2859.00     3.395718     0.000847     3.669221     0.057132     3.643444    -0.096209     3.422719    -0.387465
     2859.50     3.397282     0.000848     3.669221     0.057132     3.643269    -0.096256     3.424295    -0.387418
     2860.00     3.398819     0.000848     3.669221     0.057132     3.643092    -0.096302     3.425872    -0.387372
     2860.50     3.399538     0.000857     3.669227     0.057132     3.642913    -0.096348     3.427450    -0.387327
     2861.00     3.401132     0.000862     3.669245     0.057154     3.642734    -0.096392     3.429030    -0.387283
     2861.50     3.401940     0.000866     3.669268     0.057132     3.642553    -0.096435     3.430611    -0.387239
     2862.00     3.403453     0.000870     3.669279     0.057132     3.642371    -0.096477     3.432193    -0.387197
     2862.50     3.404090     0.000870     3.669281     0.057132     3.642187    -0.096518     3.433776    -0.387156
     2863.00     3.405612     0.000870     3.669281     0.057120     3.642003    -0.096558     3.435361    -0.387116
     2863.50     3.406489     0.000875     3.669330     0.057120     3.641817    -0.096597     3.436947    -0.387077
     2864.00     3.407960     0.000870     3.669387     0.057120     3.641630    -0.096635     3.438534    -0.387040
     2864.50     3.409609     0.000870     3.669405     0.057113     3.641441    -0.096671     3.440122    -0.387003
     2865.00     3.410294     0.000870     3.669409     0.057106     3.641251    -0.096707     3.441712    -0.386968
     2865.50     3.411751     0.000870     3.669409     0.057106     3.641061    -0.096741     3.443303    -0.386933
     2866.00     3.412570     0.000858     3.669521     0.057084     3.640868    -0.096774     3.444895    -0.386900
     2866.50     3.414189     0.000852     3.669599     0.057075     3.640675    -0.096806     3.446489    -0.386869
     2867.00     3.414959     0.000843     3.669610     0.056944     3.640480    -0.096836     3.448084    -0.386838
     2867.50     3.416574     0.000843     3.669618     0.056909     3.640284    -0.096865     3.449679    -0.386809
     2868.00     3.417221     0.000843     3.669701     0.056815     3.640087    -0.096893     3.451277    -0.386781
     2868.50     3.418914     0.000843     3.669736     0.056781     3.639888    -0.096919     3.452875    -0.386755
     2869.00     3.420244     0.000843     3.669775     0.056768     3.639689    -0.096944     3.454475    -0.386730
     2869.50     3.421097     0.000850     3.669775     0.056768     3.639488    -0.096968     3.456076    -0.386707
     2870.00     3.422765     0.000850     3.669831     0.056768     3.639286    -0.096990     3.457678    -0.386685
     2870.50     3.423667     0.000850     3.669831     0.056768     3.639082    -0.097010     3.459281    -0.386664
     2871.00     3.425130     0.000852     3.669834     0.056768     3.638878    -0.097029     3.460886    -0.386645
     2871.50     3.425784     0.000858     3.669834     0.056744     3.638672    -0.097047     3.462491    -0.386627
     2872.00     3.427382     0.000860     3.669843     0.056744     3.638466    -0.097063     3.464098    -0.386611
     2872.50     3.428168     0.000864     3.669849     0.056744     3.638258    -0.097077     3.465706    -0.386597
     2873.00     3.429620     0.000864     3.669849     0.056744     3.638048    -0.097090     3.467315    -0.386584
     2873.50     3.431191     0.000864     3.669943     0.056659     3.637838    -0.097101     3.468925    -0.386573
     2874.00     3.432082     0.000875     3.669943     0.056654     3.637627    -0.097110     3.470537    -0.386564
     2874.50     3.433600     0.000879     3.669897     0.056744     3.637414    -0.097118     3.472149    -0.386556
     2875.00     3.434307     0.000890     3.669949     0.056654     3.637201    -0.097124     3.473763    -0.386551
     2875.50     3.435833     0.000891     3.670004     0.056654     3.636986    -0.097128     3.475377    -0.386546
     2876.00     3.436692     0.000898     3.670016     0.056639     3.636770    -0.097130     3.476993    -0.386544
     2876.50     3.438138     0.000900     3.670044     0.056608     3.636554    -0.097130     3.478610    -0.386544
     2877.00     3.439745     0.000915     3.670069     0.056608     3.636336    -0.097129     3.480228    -0.386545
     2877.50     3.440475     0.000915     3.670109     0.056596     3.636117    -0.097126     3.481846    -0.386549
     2878.00     3.442060     0.000922     3.670142     0.056602     3.635898    -0.097120     3.483466    -0.386554
     2878.50     3.442779     0.000924     3.670142     0.056602     3.635677    -0.097113     3.485087    -0.386561
     2879.00     3.444379     0.000936     3.670198     0.056596     3.635455    -0.097104     3.486708    -0.386570
     2879.50     3.445045     0.000942     3.670211     0.056508     3.635233    -0.097093     3.488331    -0.386582
     2880.00     3.446643     0.000942     3.670239     0.056508     3.635009    -0.097079     3.489954    -0.386595
     2880.50     3.447571     0.000942     3.670253     0.056596     3.634785    -0.097064     3.491578    -0.386610
     2881.00     3.449116     0.000947     3.670316     0.056596     3.634560    -0.097046     3.493203    -0.386628
     2881.50     3.450550     0.000951     3.670350     0.056602     3.634334    -0.097027     3.494829    -0.386647
     2882.00     3.451427     0.000952     3.670350     0.056629     3.634108    -0.097005     3.496456    -0.386669
     2882.50     3.452988     0.000958     3.670434     0.056629     3.633880    -0.096981     3.498083    -0.386693
     2883.00     3.453779     0.000970     3.670435     0.056633     3.633652    -0.096955     3.499712    -0.386719
     2883.50     3.455470     0.000976     3.670435     0.056638     3.633423    -0.096926     3.501340    -0.386748
     2884.00     3.456163     0.000979     3.670452     0.056773     3.633194    -0.096896     3.502970    -0.386779
     2884.50     3.457708     0.000980     3.670464     0.056806     3.632964    -0.096863     3.504600    -0.386812
     2885.00     3.459382     0.000982     3.670464     0.056916     3.632733    -0.096827     3.506231    -0.386847
     2885.50     3.460102     0.000992     3.670464     0.056917     3.632502    -0.096790     3.507862    -0.386885
     2886.00     3.461853     0.000996     3.670464     0.056947     3.632270    -0.096750     3.509494    -0.386925
     2886.50     3.462519     0.000997     3.670500     0.056967     3.632038    -0.096707     3.511126    -0.386967
     2887.00     3.464020     0.000997     3.670456     0.057044     3.631805    -0.096662     3.512759    -0.387012
     2887.50     3.464824     0.000998     3.670456     0.057180     3.631572    -0.096615     3.514392    -0.387059
     2888.00     3.466393     0.001001     3.670456     0.057239     3.631339    -0.096565     3.516025    -0.387109
     2888.50     3.467267     0.001007     3.670393     0.057390     3.631105    -0.096513     3.517659    -0.387161
     2889.00     3.468828     0.001010     3.670393     0.057585     3.630871    -0.096458     3.519293    -0.387216
     2889.50     3.470374     0.001014     3.670232     0.057603     3.630636    -0.096401     3.520927    -0.387273
     2890.00     3.471092     0.001014     3.670218     0.057906     3.630402    -0.096341     3.522562    -0.387333
     2890.50     3.472764     0.001021     3.670218     0.057958     3.630167    -0.096279     3.524196    -0.387395
     2891.00     3.473481     0.001032     3.670218     0.057983     3.629932    -0.096214     3.525831    -0.387460
     2891.50     3.475074     0.001035     3.670186     0.057987     3.629697    -0.096146     3.527466    -0.387528
     2892.00     3.475859     0.001038     3.670151     0.058080     3.629463    -0.096076     3.529101    -0.387598
     2892.50     3.477429     0.001042     3.670100     0.058112     3.629228    -0.096004     3.530736    -0.387671
     2893.00     3.478322     0.001044     3.670100     0.058159     3.628993    -0.095928     3.532371    -0.387746
     2893.50     3.479900     0.001047     3.670142     0.058171     3.628758    -0.095850     3.534005    -0.387824
     2894.00     3.481440     0.001049     3.670142     0.058208     3.628524    -0.095770     3.535640    -0.387904
     2894.50     3.482402     0.001059     3.670142     0.058208     3.628289    -0.095687     3.537274    -0.387988
     2895.00     3.483786     0.001060     3.670142     0.058208     3.628055    -0.095601     3.538908    -0.388073
     2895.50     3.484494     0.001063     3.670142     0.058208     3.627821    -0.095512     3.540542    -0.388162
     2896.00     3.486119     0.001073     3.670142     0.058208     3.627588    -0.095421     3.542176    -0.388253
     2896.50     3.486790     0.001079     3.670142     0.058208     3.627355    -0.095327     3.543809    -0.388347
     2897.00     3.488305     0.001089     3.670247     0.058090     3.627122    -0.095231     3.545441    -0.388443
     2897.50     3.489147     0.001107     3.670293     0.058069     3.626890    -0.095132     3.547073    -0.388543
     2898.00     3.490607     0.001113     3.670325     0.057960     3.626659    -0.095030     3.548705    -0.388644
     2898.50     3.492130     0.001120     3.670624     0.057510     3.626428    -0.094925     3.550336    -0.388749
     2899.00     3.492941     0.001136     3.672151     0.055323     3.626198    -0.094818     3.551966    -0.388856
     2899.50     3.494651     0.001143     3.672592     0.054739     3.625968    -0.094708     3.553595    -0.388966
     2900.00     3.495343     0.001145     3.672662     0.054662     3.625739    -0.094596     3.555224    -0.389078
     2900.50     3.496898     0.001170     3.672845     0.054540     3.625511    -0.094481     3.556852    -0.389193
     2901.00     3.497620     0.001173     3.672958     0.054540     3.625284    -0.094363     3.558479    -0.389311
     2901.50     3.499339     0.001194     3.672958     0.054540     3.625058    -0.094243     3.560106    -0.389431
     2902.00     3.500090     0.001211     3.672958     0.054540     3.624833    -0.094120     3.561731    -0.389554
     2902.50     3.501604     0.001211     3.673003     0.054540     3.624608    -0.093995     3.563355    -0.389679
     2903.00     3.503098     0.001243     3.673077     0.054540     3.624385    -0.093867     3.564978    -0.389808
     2903.50     3.503859     0.001245     3.673097     0.054647     3.624163    -0.093736     3.566601    -0.389938
     2904.00     3.505451     0.001264     3.673097     0.054745     3.623942    -0.093603     3.568222    -0.390071
     2904.50     3.506254     0.001285     3.673107     0.054745     3.623722    -0.093467     3.569841    -0.390207
     2905.00     3.507865     0.001297     3.673107     0.054802     3.623504    -0.093329     3.571460    -0.390345
     2905.50     3.508633     0.001299     3.673107     0.054927     3.623286    -0.093189     3.573077    -0.390485
     2906.00     3.510108     0.001320     3.673107     0.054965     3.623071    -0.093046     3.574693    -0.390628
     2906.50     3.510844     0.001338     3.673107     0.054975     3.622856    -0.092900     3.576308    -0.390774
     2907.00     3.512582     0.001341     3.673175     0.054997     3.622643    -0.092752     3.577921    -0.390922
     2907.50     3.514124     0.001356     3.673237     0.055001     3.622431    -0.092602     3.579532    -0.391072
     2908.00     3.514888     0.001376     3.673301     0.055118     3.622221    -0.092450     3.581142    -0.391224
     2908.50     3.516408     0.001378     3.673321     0.055217     3.622013    -0.092295     3.582751    -0.391379
     2909.00     3.517478     0.001382     3.673341     0.055259     3.621806    -0.092138     3.584358    -0.391536
     2909.50     3.518885     0.001398     3.673349     0.055321     3.621600    -0.091978     3.585963    -0.391696
     2910.00     3.519682     0.001410     3.673349     0.055441     3.621397    -0.091817     3.587567    -0.391857
     2910.50     3.521260     0.001418     3.673389     0.055465     3.621195    -0.091653     3.589169    -0.392021
     2911.00     3.522112     0.001427     3.673404     0.055640     3.620994    -0.091487     3.590769    -0.392187
     2911.50     3.523582     0.001436     3.673404     0.055660     3.620796    -0.091319     3.592368    -0.392355
     2912.00     3.525348     0.001451     3.673404     0.055731     3.620599    -0.091149     3.593964    -0.392525
     2912.50     3.525987     0.001453     3.673404     0.055763     3.620405    -0.090977     3.595559    -0.392697
     2913.00     3.527645     0.001461     3.673389     0.055949     3.620212    -0.090803     3.597152    -0.392872
     2913.50     3.528384     0.001468     3.673404     0.056197     3.620021    -0.090626     3.598743    -0.393048
     2914.00     3.529903     0.001474     3.673404     0.056576     3.619832    -0.090448     3.600332    -0.393226
     2914.50     3.530694     0.001474     3.673437     0.056687     3.619645    -0.090268     3.601919    -0.393406
     2915.00     3.532309     0.001475     3.673437     0.056687     3.619460    -0.090087     3.603504    -0.393588
     2915.50     3.533163     0.001476     3.673437     0.056690     3.619277    -0.089903     3.605087    -0.393771
     2916.00     3.534635     0.001477     3.673378     0.056721     3.619096    -0.089718     3.606668    -0.393957
     2916.50     3.536283     0.001478     3.673342     0.056791     3.618917    -0.089531     3.608246    -0.394144
     2917.00     3.537085     0.001482     3.673342     0.056791     3.618740    -0.089342     3.609823    -0.394332
     2917.50     3.538671     0.001482     3.673342     0.056791     3.618566    -0.089151     3.611398    -0.394523
     2918.00     3.539387     0.001482     3.673342     0.057338     3.618393    -0.088959     3.612970    -0.394715
     2918.50     3.540990     0.001482     3.673342     0.057509     3.618223    -0.088766     3.614540    -0.394908
     2919.00     3.541811     0.001481     3.673342     0.057614     3.618055    -0.088571     3.616109    -0.395104
     2919.50     3.543456     0.001478     3.673342     0.057649     3.617889    -0.088374     3.617674    -0.395300
     2920.00     3.544219     0.001478     3.673342     0.057738     3.619238    -0.395498     3.617725    -0.088176
     2920.50     3.545751     0.001473     3.673342     0.057738     3.620800    -0.395697     3.617564    -0.087977
     2921.00     3.547243     0.001471     3.673343     0.057750     3.622359    -0.395898     3.617405    -0.087776
     2921.50     3.548003     0.001466     3.673343     0.057841     3.623916    -0.396100     3.617248    -0.087574
     2922.00     3.549598     0.001457     3.673386     0.057872     3.625470    -0.396303     3.617093    -0.087371
     2922.50     3.550370     0.001448     3.673403     0.057938     3.627023    -0.396508     3.616941    -0.087166
     2923.00     3.552076     0.001435     3.673438     0.058046     3.628573    -0.396714     3.616791    -0.086961
     2923.50     3.552809     0.001435     3.673605     0.057938     3.630120    -0.396920     3.616643    -0.086754
     2924.00     3.554284     0.001435     3.673614     0.057880     3.631666    -0.397128     3.616498    -0.086546
     2924.50     3.555161     0.001435     3.673710     0.058046     3.633209    -0.397337     3.616355    -0.086337
     2925.00     3.556643     0.001448     3.673743     0.058046     3.634750    -0.397547     3.616214    -0.086127
     2925.50     3.558164     0.001435     3.673743     0.058059     3.636288    -0.397758     3.616075    -0.085916
     2926.00     3.558951     0.001435     3.673710     0.058150     3.637824    -0.397970     3.615939    -0.085704
     2926.50     3.560443    -0.001457     3.673710     0.058208     3.639358    -0.398182     3.615805    -0.085492
     2927.00     3.561265    -0.001460     3.673743     0.058208     3.640890    -0.398396     3.615674    -0.085278
     2927.50     3.562761    -0.001457     3.673800     0.058208     3.642419    -0.398610     3.615545    -0.085064
     2928.00     3.563552     0.001463     3.673915     0.058615     3.643946    -0.398825     3.615418    -0.084849
     2928.50     3.565048     0.001463     3.673941     0.058738     3.645470    -0.399041     3.615293    -0.084633
     2929.00     3.565892     0.001474     3.673915     0.058892     3.646992    -0.399257     3.615171    -0.084417
     2929.50     3.567442     0.001483     3.673915     0.059084     3.648512    -0.399474     3.615051    -0.084200
     2930.00     3.568961     0.001647     3.674027     0.059084     3.650030    -0.399692     3.614934    -0.083982
     2930.50     3.569680     0.001654     3.674027     0.059147     3.651545    -0.399910     3.614819    -0.083764
     2931.00     3.571209     0.001717     3.674052     0.059084     3.653058    -0.400129     3.614706    -0.083545
     2931.50     3.571926     0.001772     3.674142     0.059084     3.654568    -0.400348     3.614595    -0.083326
     2932.00     3.573280     0.001825     3.674190     0.059084     3.656077    -0.400568     3.614487    -0.083106
     2932.50     3.574841     0.001904     3.674254     0.059162     3.657583    -0.400788     3.614381    -0.082886
     2933.00     3.575528     0.001936     3.674324     0.059205     3.659086    -0.401009     3.614277    -0.082666
     2933.50     3.577129     0.002016     3.674479     0.059240     3.660588    -0.401229     3.614176    -0.082445
     2934.00     3.577881     0.002052     3.674498     0.059262     3.662087    -0.401450     3.614077    -0.082224
     2934.50     3.579489     0.002144     3.674513     0.059548     3.663584    -0.401672     3.613980    -0.082002
     2935.00     3.580183     0.002198     3.674760     0.059664     3.665078    -0.401893     3.613885    -0.081781
     2935.50     3.581676     0.002292     3.674766     0.059696     3.666571    -0.402115     3.613793    -0.081559
     2936.00     3.582546     0.002346     3.674843     0.059711     3.668061    -0.402337     3.613702    -0.081337
     2936.50     3.583997     0.002455     3.674880     0.059745     3.669549    -0.402559     3.613614    -0.081115
     2937.00     3.585758     0.002558     3.675028     0.060042     3.671035    -0.402782     3.613529    -0.080892
     2937.50     3.586590     0.002564     3.675130     0.060054     3.672519    -0.403004     3.613445    -0.080670
     2938.00     3.588244     0.002633     3.675165     0.060106     3.674000    -0.403227     3.613364    -0.080448
     2938.50     3.589101     0.002661     3.675165     0.061182     3.675479    -0.403449     3.613284    -0.080225
     2939.00     3.590580     0.002760     3.675256     0.061213     3.676956    -0.403671     3.613207    -0.080003
     2939.50     3.591361     0.002764     3.675290     0.061229     3.678432    -0.403894     3.613132    -0.079780
     2940.00     3.592912     0.002814     3.675358     0.061229     3.679904    -0.404116     3.613059    -0.079558
     2940.50     3.593689     0.002847     3.675372     0.061265     3.681375    -0.404338     3.612988    -0.079336
     2941.00     3.595249     0.002883     3.675521     0.061363     3.682844    -0.404561     3.612920    -0.079114
     2941.50     3.596954     0.002929     3.675539     0.062928     3.684311    -0.404783     3.612853    -0.078892
     2942.00     3.597659     0.002965     3.675582     0.063027     3.685775    -0.405004     3.612788    -0.078670
     2942.50     3.599413     0.002970     3.675604     0.063205     3.687238    -0.405226     3.612726    -0.078448
     2943.00     3.600276     0.002970     3.675741     0.063205     3.688698    -0.405448     3.612665    -0.078227
     2943.50     3.601918     0.002970     3.675790     0.063472     3.690157    -0.405669     3.612606    -0.078005
     2944.00     3.602626     0.002970     3.675793     0.063901     3.691614    -0.405890     3.612550    -0.077784
     2944.50     3.604222     0.002979     3.675793     0.064776     3.693068    -0.406111     3.612495    -0.077564
     2945.00     3.604940     0.002979     3.675793     0.064776     3.694521    -0.406331     3.612443    -0.077343
     2945.50     3.606723     0.002979     3.675790     0.065446     3.695972    -0.406551     3.612392    -0.077123
     2946.00     3.608163     0.002968     3.675604     0.065876     3.697421    -0.406771     3.612343    -0.076904
     2946.50     3.609095     0.002968     3.675582     0.066813     3.698867    -0.406990     3.612296    -0.076684
     2947.00     3.610570     0.002949     3.675453     0.067445     3.700313    -0.407209     3.612251    -0.076465
     2947.50     3.611361     0.002925     3.675101     0.069560     3.701756    -0.407428     3.612208    -0.076247
     2948.00     3.613014     0.002907     3.675085     0.071868     3.703197    -0.407646     3.612167    -0.076028
     2948.50     3.613821     0.002850     3.674944     0.072797     3.704637    -0.407864     3.612127    -0.075811
     2949.00     3.615370     0.002815     3.674479     0.073197     3.706074    -0.408081     3.612089    -0.075593
     2949.50     3.616042     0.002811     3.673590     0.076122     3.707510    -0.408298     3.612053    -0.075377
     2950.00     3.617768     0.002722     3.673036     0.077980     3.708944    -0.408514     3.612019    -0.075160
     2950.50     3.619263     0.002695     3.672266     0.079975     3.710377    -0.408730     3.611987    -0.074944
     2951.00     3.620166     0.002682     3.671999     0.080665     3.711807    -0.408945     3.611956    -0.074729
     2951.50     3.621942     0.002682     3.671125     0.082834     3.713236    -0.409160     3.611927    -0.074514
     2952.00     3.622641     0.002682     3.671097     0.082992     3.714664    -0.409374     3.611900    -0.074300
     2952.50     3.624621     0.002682     3.668908     0.086877     3.716089    -0.409588     3.611874    -0.074086
     2953.00     3.625544     0.002682     3.668109     0.088138     3.717513    -0.409801     3.611851    -0.073873
     2953.50     3.630444     0.002682     3.667345     0.089528     3.718935    -0.410013     3.611828    -0.073661
     2954.00     3.636140     0.003321     3.665047     0.092821     3.720356    -0.410225     3.611808    -0.073449
     2954.50     3.637481     0.003321     3.664022     0.094310     3.721775    -0.410436     3.611789    -0.073238
     2955.00     3.638970     0.003321     3.662871     0.095891     3.723192    -0.410647     3.611771    -0.073027
     2955.50     3.638970     0.003321     3.662360     0.096275     3.724608    -0.410857     3.611755    -0.072817
     2956.00     3.639583     0.003321     3.661281     0.097579     3.726022    -0.411066     3.611741    -0.072608
     2956.50     3.639583     0.003343     3.660960     0.097996     3.727435    -0.411275     3.611728    -0.072399
     2957.00     3.639583     0.003343     3.660177     0.098532     3.728846    -0.411483     3.611717    -0.072191
     2957.50     3.639583     0.003343     3.659451     0.099302     3.730256    -0.411690     3.611708    -0.071984
     2958.00     3.639583     0.003343     3.658539     0.099999     3.731664    -0.411897     3.611699    -0.071777
     2958.50     3.569649     0.003343     3.658269     0.100012     3.733071    -0.412103     3.611692    -0.071571
     2959.00     3.569649     0.003321     3.657485     0.100641     3.734476    -0.412308     3.611687    -0.071366
     2959.50     3.569649     0.003207     3.656846     0.100927     3.735880    -0.412512     3.611683    -0.071162
     2960.00     3.569649     0.003132     3.656294     0.101105     3.737283    -0.412716     3.611681    -0.070958
     2960.50     3.569649     0.003008     3.655761     0.101294     3.738684    -0.412919     3.611680    -0.070755
     2961.00     3.646279     0.003008     3.655445     0.101382     3.740084    -0.413121     3.611680    -0.070553
     2961.50     3.830344     0.003609     3.654725     0.101382     3.741482    -0.413323     3.611682    -0.070351
     2962.00     3.847090     0.003609     3.654725     0.101382     3.742879    -0.413524     3.611685    -0.070151
     2962.50     3.849813     0.003609     3.654463     0.101382     3.744274    -0.413724     3.611689    -0.069951
     2963.00     3.860462     0.003609     3.654061     0.101382     3.745669    -0.413923     3.611695    -0.069751
     2963.50     3.877234     0.003609     3.654009     0.101294     3.747062    -0.414121     3.611702    -0.069553
     2964.00     3.894307     0.003609     3.653797     0.100617     3.748454    -0.414319     3.611710    -0.069355
     2964.50     3.894307     0.003874     3.653680     0.099277     3.749844    -0.414516     3.611719    -0.069159
     2965.00     3.894307     0.005789     3.653629     0.099208     3.751233    -0.414712     3.611730    -0.068963
     2965.50     3.894307     0.006614     3.653127     0.099157     3.752621    -0.414907     3.611742    -0.068767
     2966.00     3.894307     0.022904     3.652988     0.099077     3.754008    -0.415101     3.611755    -0.068573
     2966.50     3.894307     0.148810     3.652368     0.099053     3.755394    -0.415295     3.611770    -0.068380
     2967.00     3.817570     0.154135     3.651606     0.099031     3.756778    -0.415487     3.611785    -0.068187
     2967.50     3.816655     0.154135     3.651439     0.099031     3.758161    -0.415679     3.611802    -0.067995
     2968.00     3.752791     0.154135     3.650645     0.098970     3.759544    -0.415870     3.611820    -0.067804
     2968.50     3.711266     0.154135     3.650128     0.098911     3.760925    -0.416061     3.611839    -0.067614
     2969.00     3.701517     0.154135     3.649675     0.098597     3.762304    -0.416250     3.611859    -0.067424
     2969.50     3.686989     0.154135     3.649123     0.098302     3.763683    -0.416438     3.611880    -0.067236
     2970.00     3.676161     0.139155     3.648894     0.097830     3.765061    -0.416626     3.611903    -0.067048
     2970.50     3.666491     0.128376     3.648508     0.097321     3.766437    -0.416813     3.611926    -0.066861
     2971.00     3.657748     0.110803     3.648323     0.096853     3.767813    -0.416999     3.611951    -0.066675
     2971.50     3.656251     0.106905     3.647867     0.096340     3.769187    -0.417184     3.611976    -0.066490
     2972.00     3.656251     0.091633     3.647741     0.095736     3.770561    -0.417368     3.612003    -0.066306
     2972.50     3.649922     0.084164     3.647398     0.094597     3.771933    -0.417552     3.612030    -0.066123
     2973.00     3.647977     0.068971     3.647391     0.093412     3.773304    -0.417734     3.612059    -0.065940
     2973.50     3.645184     0.062822     3.647254     0.093011     3.774675    -0.417916     3.612089    -0.065758
     2974.00     3.645184     0.055554     3.647083     0.091743     3.776044    -0.418097     3.612119    -0.065578
     2974.50     3.645184     0.041798     3.647015     0.090976     3.777413    -0.418277     3.612151    -0.065398
     2975.00     3.645184     0.041009     3.647015     0.089532     3.778780    -0.418456     3.612183    -0.065219
     2975.50     3.645184     0.039616     3.647015     0.088970     3.780147    -0.418634     3.612217    -0.065041
     2976.00     3.646396     0.037434     3.647015     0.087548     3.781513    -0.418811     3.612251    -0.064863
     2976.50     3.646746     0.035884     3.647015     0.085926     3.782877    -0.418987     3.612286    -0.064687
     2977.00     3.646821     0.035512     3.647015     0.085165     3.784241    -0.419163     3.612322    -0.064511
     2977.50     3.646821     0.035512     3.647055     0.083622     3.785604    -0.419338     3.612359    -0.064337
     2978.00     3.647749     0.035127     3.647107     0.082387     3.786966    -0.419511     3.612397    -0.064163
     2978.50     3.648435     0.034849     3.647268     0.081000     3.788327    -0.419684     3.612436    -0.063990
     2979.00     3.649193     0.033513     3.647418     0.080218     3.789688    -0.419856     3.612476    -0.063818
     2979.50     3.649820     0.033443     3.647757     0.078450     3.791047    -0.420027     3.612516    -0.063647
     2980.00     3.650304     0.033175     3.647789     0.077823     3.792406    -0.420197     3.612557    -0.063477
     2980.50     3.650890     0.032877     3.648077     0.076414     3.793764    -0.420367     3.612599    -0.063307
     2981.00     3.651013     0.032676     3.648472     0.074333     3.795121    -0.420535     3.612642    -0.063139
     2981.50     3.651313     0.032676     3.648614     0.073641     3.796478    -0.420703     3.612686    -0.062971
     2982.00     3.651534     0.032672     3.649066     0.071837     3.797833    -0.420869     3.612730    -0.062805
     2982.50     3.651534     0.030068     3.649373     0.070742     3.799188    -0.421035     3.612775    -0.062639
     2983.00     3.652122     0.031958     3.649771     0.069207     3.800542    -0.421200     3.612821    -0.062474
     2983.50     3.652287     0.031958     3.649868     0.068384     3.801896    -0.421364     3.612868    -0.062310
     2984.00     3.652287     0.020232     3.650044     0.068056     3.803248    -0.421527     3.612915    -0.062147
     2984.50     3.653392     0.019972     3.650074     0.067312     3.804600    -0.421689     3.612963    -0.061985
     2985.00     3.654171    -0.029827     3.650438     0.066128     3.805951    -0.421851     3.613012    -0.061823
     2985.50     3.654494    -0.030206     3.650745     0.065202     3.807302    -0.422011     3.613062    -0.061663
     2986.00     3.654570    -0.029827     3.651044     0.064342     3.808652    -0.422171     3.613112    -0.061503
     2986.50     3.654865     0.019972     3.651565     0.062888     3.810001    -0.422330     3.613163    -0.061345
     2987.00     3.654865     0.019972     3.651600     0.062836     3.811349    -0.422487     3.613214    -0.061187
     2987.50     3.656290     0.019972     3.652144     0.061636     3.812697    -0.422644     3.613266    -0.061030
     2988.00     3.656890    -0.029827     3.652359     0.060906     3.814045    -0.422801     3.613319    -0.060874
     2988.50     3.657079    -0.030512     3.653106     0.059354     3.815391    -0.422956     3.613372    -0.060718
     2989.00     3.657463    -0.030512     3.653173     0.059120     3.816737    -0.423110     3.613426    -0.060564
     2989.50     3.657501    -0.031041     3.653579     0.058287     3.818083    -0.423263     3.613481    -0.060411
     2990.00     3.657712    -0.030512     3.653734     0.058011     3.819427    -0.423416     3.613536    -0.060258
     2990.50     3.657830    -0.031041     3.654134     0.057111     3.820771    -0.423568     3.613592    -0.060106
     2991.00     3.658094    -0.030512     3.654635     0.056150     3.822115    -0.423719     3.613648    -0.059956
     2991.50     3.658241    -0.031041     3.654984     0.055300     3.823458    -0.423869     3.613705    -0.059806
     2992.00     3.658402    -0.031303     3.655178     0.055300     3.824801    -0.424018     3.613763    -0.059657
     2992.50     3.659003    -0.031041     3.655195     0.055300     3.826143    -0.424166     3.613821    -0.059508
     2993.00     3.659054    -0.031303     3.655345     0.055177     3.827484    -0.424313     3.613880    -0.059361
     2993.50     3.659188    -0.031041     3.655428     0.055024     3.828825    -0.424460     3.613939    -0.059214
     2994.00     3.659188     0.031383     3.655629     0.054852     3.830165    -0.424606     3.613998    -0.059069
     2994.50     3.659188    -0.031303     3.655812     0.054700     3.831505    -0.424750     3.614058    -0.058924
     2995.00     3.659530    -0.031303     3.656063     0.054512     3.832845    -0.424894     3.614119    -0.058780
     2995.50     3.659697    -0.032158     3.656092     0.054300     3.834183    -0.425037     3.614180    -0.058637
     2996.00     3.659530    -0.032607     3.656132     0.054300     3.835522    -0.425180     3.614242    -0.058495
     2996.50     3.659530    -0.032813     3.656132     0.054300     3.836860    -0.425321     3.614304    -0.058353
     2997.00     3.659530    -0.033297     3.656140     0.054300     3.838197    -0.425462     3.614366    -0.058213
     2997.50     3.659899    -0.033563     3.656392     0.054085     3.839534    -0.425601     3.614429    -0.058073
     2998.00     3.659899    -0.033563     3.656802     0.053501     3.840871    -0.425740     3.614493    -0.057934
     2998.50     3.659899    -0.033563     3.656839     0.053361     3.842207    -0.425878     3.614557    -0.057796
     2999.00     3.661832    -0.033823     3.657016     0.053178     3.843542    -0.426015     3.614621    -0.057659
     2999.50     3.662110    -0.033823     3.657286     0.052864     3.844878    -0.426152     3.614686    -0.057522
     3000.00     3.662110    -0.033563     3.657519     0.052612     3.846212    -0.426287     3.614751    -0.057387
     3000.50     3.662110    -0.033563     3.657533     0.052560     3.847547    -0.426422     3.614817    -0.057252
     3001.00     3.662330    -0.033563     3.657897     0.052165     3.848881    -0.426556     3.614883    -0.057118
     3001.50     3.662405     0.016364     3.658133     0.051815     3.850214    -0.426689     3.614949    -0.056985
     3002.00     3.662893     0.018283     3.658367     0.051655     3.851548    -0.426821     3.615016    -0.056853
     3002.50     3.662893     0.034908     3.658696     0.051107     3.852880    -0.426953     3.615083    -0.056722
     3003.00     3.663366     0.034908     3.658841     0.051050     3.854213    -0.427083     3.615151    -0.056591
     3003.50     3.663587     0.035173     3.659116     0.051009     3.855545    -0.427213     3.615219    -0.056461
     3004.00     3.663659     0.035173     3.659347     0.050938     3.856877    -0.427342     3.615287    -0.056332
     3004.50     3.663923     0.035173     3.659371     0.050938     3.858208    -0.427470     3.615355    -0.056204
     3005.00     3.664119     0.035847     3.659577     0.050850     3.859539    -0.427597     3.615424    -0.056077
     3005.50     3.664119     0.035847     3.659610     0.050783     3.860870    -0.427724     3.615494    -0.055950
     3006.00     3.664166     0.018178     3.659638     0.050760     3.862200    -0.427850     3.615563    -0.055825
     3006.50     3.664828     0.018178     3.659674     0.050783     3.863530    -0.427975     3.615633    -0.055700
     3007.00     3.665769     0.018178     3.659768     0.050850     3.864860    -0.428099     3.615703    -0.055575
     3007.50     3.664828     0.017850     3.659922     0.050850     3.866190    -0.428222     3.615774    -0.055452
     3008.00     3.664828     0.017523     3.660180     0.050850     3.867519    -0.428345     3.615845    -0.055329
     3008.50     3.664246     0.017492     3.660185     0.050783     3.868848    -0.428467     3.615916    -0.055208
     3009.00     3.664246    -0.036759     3.660210     0.050838     3.870176    -0.428588     3.615987    -0.055087
     3009.50     3.664246    -0.037503     3.660244     0.050838     3.871504    -0.428708     3.616059    -0.054966
     3010.00     3.664246    -0.037503     3.660319     0.050838     3.872832    -0.428827     3.616131    -0.054847
     3010.50     3.664246    -0.037503     3.660480     0.050778     3.874160    -0.428946     3.616203    -0.054728
     3011.00     3.664828    -0.036759     3.660487     0.050778     3.875488    -0.429064     3.616276    -0.054610
     3011.50     3.664828     0.017492     3.660491     0.050778     3.876815    -0.429181     3.616349    -0.054493
     3012.00     3.666984     0.017492     3.660508     0.050722     3.878142    -0.429297     3.616422    -0.054377
     3012.50     3.666984    -0.038006     3.660573     0.050718     3.879469    -0.429413     3.616495    -0.054261
     3013.00     3.667183     0.017492     3.660779     0.050716     3.880795    -0.429528     3.616569    -0.054146
     3013.50     3.667183    -0.038006     3.660890     0.050713     3.882121    -0.429642     3.616642    -0.054032
     3014.00     3.667849    -0.040662     3.660928     0.050646     3.883447    -0.429755     3.616716    -0.053919
     3014.50     3.667849     0.016896     3.661005     0.050625     3.884773    -0.429868     3.616790    -0.053806
     3015.00     3.667183     0.017854     3.661127     0.050570     3.886099    -0.429980     3.616865    -0.053694
     3015.50     3.666984     0.016896     3.661309     0.050570     3.887424    -0.430091     3.616939    -0.053583
     3016.00     3.666984     0.016700     3.661346     0.050570     3.888749    -0.430201     3.617014    -0.053473
     3016.50     3.666657     0.016700     3.661350     0.050625     3.890074    -0.430311     3.617089    -0.053363
     3017.00     3.666657     0.016700     3.661373     0.050535     3.891399    -0.430420     3.617165    -0.053254
     3017.50     3.666609     0.016700     3.661402     0.050535     3.892724    -0.430528     3.617240    -0.053146
     3018.00     3.666609     0.016896     3.661465     0.050625     3.894048    -0.430636     3.617316    -0.053038
     3018.50     3.666609     0.016896     3.661516     0.050640     3.895372    -0.430742     3.617391    -0.052932
     3019.00     3.666609     0.017887     3.661597     0.050706     3.896696    -0.430848     3.617467    -0.052826
     3019.50     3.666609     0.017887     3.661683     0.050709     3.898020    -0.430954     3.617543    -0.052720
     3020.00     3.666657     0.019972     3.661794     0.050709     3.899344    -0.431058     3.617620    -0.052616
     3020.50     3.666657     0.019972     3.661843     0.050709     3.900667    -0.431162     3.617696    -0.052512
     3021.00     3.666850     0.021603     3.661864     0.050709     3.901991    -0.431265     3.617773    -0.052409
     3021.50     3.666940     0.040698     3.661872     0.050640     3.903314    -0.431368     3.617849    -0.052306
     3022.00     3.667302     0.040698     3.661961     0.050616     3.904637    -0.431470     3.617926    -0.052204
     3022.50     3.667302     0.040698     3.662128     0.050616     3.905960    -0.431571     3.618003    -0.052103
     3023.00     3.667302     0.040698     3.662214     0.050616     3.907283    -0.431671     3.618081    -0.052003
     3023.50     3.666940     0.040698     3.662246     0.050612     3.908606    -0.431771     3.618158    -0.051903
     3024.00     3.666940     0.019972     3.662269     0.050580     3.909928    -0.431870     3.618235    -0.051804
     3024.50     3.666940     0.019972     3.662389     0.050580     3.911251    -0.431968     3.618313    -0.051706
     3025.00     3.666479     0.019972     3.662440     0.050571     3.912573    -0.432066     3.618390    -0.051608
     3025.50     3.661269     0.040698     3.662461     0.050571     3.913895    -0.432163     3.618468    -0.051511
     3026.00     3.666479     0.040698     3.662499     0.050580     3.915217    -0.432259     3.618546    -0.051415
     3026.50     3.666479     0.040761     3.662544     0.050580     3.916539    -0.432355     3.618624    -0.051319
     3027.00     3.666479     0.040761     3.662545     0.050580     3.917861    -0.432450     3.618702    -0.051224
     3027.50     3.666479     0.017459     3.662605     0.050580     3.919183    -0.432544     3.618780    -0.051130
     3028.00     3.666479     0.017459     3.662712     0.050580     3.920505    -0.432638     3.618859    -0.051037
     3028.50     3.666479     0.017459     3.662726     0.050580     3.921827    -0.432731     3.618937    -0.050944
     3029.00     3.666479     0.017459     3.662748     0.050478     3.923148    -0.432823     3.619015    -0.050851
     3029.50     3.667069     0.017459     3.662792     0.050545     3.924470    -0.432915     3.619094    -0.050760
     3030.00     3.667069     0.016763     3.662879     0.050545     3.925791    -0.433006     3.619173    -0.050669
     3030.50     3.667069     0.016763     3.662903     0.050664     3.927112    -0.433096     3.619251    -0.050578
     3031.00     3.667312     0.016763     3.662904     0.050664     3.928434    -0.433186     3.619330    -0.050488
     3031.50     3.667312     0.040548     3.662991     0.050723     3.929755    -0.433275     3.619409    -0.050399
     3032.00     3.667356     0.040548     3.662994     0.050772     3.931076    -0.433363     3.619488    -0.050311
     3032.50     3.667356     0.020920     3.663054     0.050906     3.932397    -0.433451     3.619567    -0.050223
     3033.00     3.667069     0.020920     3.663106     0.051238     3.933718    -0.433538     3.619646    -0.050136
     3033.50     3.667045     0.020920     3.663262     0.051650     3.935039    -0.433625     3.619725    -0.050049
     3034.00     3.667069     0.020920     3.663385     0.051807     3.936360    -0.433711     3.619804    -0.049963
     3034.50     3.667069     0.040548     3.663391     0.051809     3.937681    -0.433796     3.619883    -0.049878
     3035.00     3.667356     0.040548     3.663409     0.052163     3.939002    -0.433881     3.619962    -0.049793
     3035.50     3.667356     0.040675     3.663445     0.052266     3.940322    -0.433965     3.620041    -0.049709
     3036.00     3.667403     0.040675     3.663445     0.052285     3.941643    -0.434049     3.620120    -0.049626
     3036.50     3.667403     0.040753     3.663508     0.052413     3.942964    -0.434131     3.620200    -0.049543
     3037.00     3.667403     0.040875     3.663541     0.052417     3.944285    -0.434214     3.620279    -0.049460
     3037.50     3.667778     0.040875     3.663541     0.052541     3.945605    -0.434295     3.620358    -0.049379
     3038.00     3.667778     0.040875     3.663585     0.052542     3.946926    -0.434377     3.620438    -0.049298
     3038.50     3.667778     0.040875     3.663585     0.052597     3.948247    -0.434457     3.620517    -0.049217
     3039.00     3.667778     0.040753     3.663611     0.052662     3.949567    -0.434537     3.620596    -0.049137
     3039.50     3.667523     0.040753     3.663617     0.052740     3.950888    -0.434616     3.620676    -0.049058
     3040.00     3.667523     0.020557     3.663630     0.052793     3.952208    -0.434695     3.620755    -0.048979
     3040.50     3.667403     0.018474     3.663630     0.052814     3.953529    -0.434773     3.620835    -0.048901
     3041.00     3.667523     0.018474     3.663673     0.052820     3.954850    -0.434851     3.620914    -0.048823
     3041.50     3.667523     0.016929     3.663673     0.052814     3.956170    -0.434928     3.620993    -0.048746
     3042.00     3.667325     0.000000     3.663673     0.052793     3.957491    -0.435004     3.621073    -0.048670
     3042.50     3.667220     0.000000     3.663673     0.052740     3.958811    -0.435080     3.621152    -0.048594
     3043.00     3.551867     0.000000     3.663630     0.052740     3.960132    -0.435155     3.621232    -0.048519
     3043.50     3.546536     0.000000     3.663577     0.052662     3.961453    -0.435230     3.621311    -0.048444
