====================================================================================================
ДАННЫЕ СОБСТВЕННЫХ МОД
====================================================================================================

    Поле (Э)     Mode1_Re     Mode1_Im     Mode2_Re     Mode2_Im      Rec+_Re      Rec+_Im      Rec-_Re      Rec-_Im
----------------------------------------------------------------------------------------------------
     1270.00     6.512381     0.007957     6.458029     0.007467     6.511303 -5785.619412     6.459108    -0.003773
     1280.00     6.512381     0.009061     6.458426     0.007467     6.539303 -5785.619412     6.459108    -0.003773
     1290.00     6.512381     0.017838     6.458672     0.007467     6.567303 -5785.619412     6.459108    -0.003773
     1300.00     6.512381     0.017838     6.458907     0.007467     6.595303 -5785.619412     6.459108    -0.003773
     1310.00     6.512381     0.019819     6.459250     0.007467     6.623303 -5785.619412     6.459108    -0.003773
     1320.00     6.512381     0.019819     6.459548     0.007467     6.651303 -5785.619412     6.459108    -0.003773
     1330.00     6.414718     0.019819     6.459768     0.007454     6.679303 -5785.619412     6.459108    -0.003773
     1340.00     5.973845     0.019819     6.459974     0.007454     6.707303 -5785.619412     6.459108    -0.003773
     1350.00     5.973845     0.019819     6.460118     0.007454     6.735303 -5785.619412     6.459108    -0.003773
     1360.00     5.973845     0.013424     6.460271     0.007454     6.763303 -5785.619412     6.459108    -0.003773
     1370.00     5.973845     0.008155     6.460458     0.007454     6.791303 -5785.619412     6.459108    -0.003773
     1380.00     5.973845    -0.007391     6.460636     0.007454     6.819303 -5785.619412     6.459108    -0.003773
     1390.00     5.977567    -0.014840     6.460840     0.007468     6.847303 -5785.619412     6.459108    -0.003773
     1400.00     5.977567    -0.015162     6.461003     0.007508     6.875303 -5785.619412     6.459108    -0.003773
     1410.00     6.041312    -0.015162     6.461003     0.007706     6.903303 -5785.619412     6.459108    -0.003773
     1420.00     6.089062    -0.015162     6.461003     0.008167     6.931303 -5785.619412     6.459108    -0.003773
     1430.00     6.392161    -0.015162     6.461003     0.008778     6.959303 -5785.619412     6.459108    -0.003773
     1440.00     6.392161    -0.014840     6.461003     0.008778     6.987303 -5785.619412     6.459108    -0.003773
     1450.00     6.392161    -0.007391     6.461003     0.008888     7.015303 -5785.619412     6.459108    -0.003773
     1460.00     6.384784    -0.000612     6.461003     0.009019     7.043303 -5785.619412     6.459108    -0.003773
     1470.00     6.389015    -0.000592     6.461003     0.009081     7.071303 -5785.619412     6.459108    -0.003773
     1480.00     6.389015    -0.000581     6.461003     0.009096     7.099303 -5785.619412     6.459108    -0.003773
     1490.00     6.389015    -0.000539     6.461003     0.009117     7.127303 -5785.619412     6.459108    -0.003773
     1500.00     6.391116    -0.000457     6.461003     0.009117     7.155303 -5785.619412     6.459108    -0.003773
     1510.00     6.392161    -0.000332     6.461069     0.009117     7.183303 -5785.619412     6.459108    -0.003773
     1520.00     6.392161    -0.000332     6.461116     0.009117     7.211303 -5785.619412     6.459108    -0.003773
     1530.00     6.395862    -0.000332     6.461186     0.009192     7.239303 -5785.619412     6.459108    -0.003773
     1540.00     6.395862    -0.000332     6.461216     0.009211     7.267303 -5785.619412     6.459108    -0.003773
     1550.00     6.395862    -0.000271     6.461272     0.009292     7.295303 -5785.619412     6.459108    -0.003773
     1560.00     6.421866    -0.000332     6.461325     0.009309     7.323303 -5785.619412     6.459108    -0.003773
     1570.00     6.422639    -0.000463     6.461391     0.009333     7.351303 -5785.619412     6.459108    -0.003773
     1580.00     6.427298    -0.000521     6.461450     0.009350     7.379303 -5785.619412     6.459108    -0.003773
     1590.00     6.433312    -0.000463     6.461493     0.009401     7.407303 -5785.619412     6.459108    -0.003773
     1600.00     6.434700    -0.000463     6.461574     0.009420     7.435303 -5785.619412     6.459108    -0.003773
     1610.00     6.434712    -0.000463     6.461627     0.009473     7.463303 -5785.619412     6.459108    -0.003773
     1620.00     6.434712    -0.000463     6.461627     0.009496     7.491303 -5785.619412     6.459108    -0.003773
     1630.00     6.434712    -0.000235     6.461627     0.009496     7.519303 -5785.619412     6.459108    -0.003773
     1640.00     6.443384     0.000312     6.461669     0.009496     7.547303 -5785.619412     6.459108    -0.003773
     1650.00     6.443384     0.000312     6.461700     0.009496     7.575303 -5785.619412     6.459108    -0.003773
     1660.00     6.434712     0.000312     6.461775     0.009496     7.603303 -5785.619412     6.459108    -0.003773
     1670.00     6.434712     0.000484     6.461879     0.009473     7.631303 -5785.619412     6.459108    -0.003773
     1680.00     6.434712     0.001208     6.461965     0.009473     7.659303 -5785.619412     6.459108    -0.003773
     1690.00     6.434712     0.001368     6.462055     0.009473     7.687303 -5785.619412     6.459108    -0.003773
     1700.00     6.436662     0.001865     6.462055     0.009986     7.715303 -5785.619412     6.459108    -0.003773
     1710.00     6.436662     0.003031     6.461879     0.009659     7.743303 -5785.619412     6.459108    -0.003773
     1720.00     6.438117     0.006836     6.461700     0.008976     7.771303 -5785.619412     6.459108    -0.003773
     1730.00     6.438518     0.006836     6.461700     0.007937     7.799303 -5785.619412     6.459108    -0.003773
     1740.00     6.438518     0.006836     6.461700     0.007722     7.827303 -5785.619412     6.459108    -0.003773
     1750.00     6.438518     0.006888     6.461941     0.007622     7.855303 -5785.619412     6.459108    -0.003773
     1760.00     6.441800     0.006888     6.461941     0.007622     7.883303 -5785.619412     6.459108    -0.003773
     1770.00     6.443350     0.006888     6.461941     0.007622     7.911303 -5785.619412     6.459108    -0.003773
     1780.00     6.445128     0.006873     6.461941     0.007355     7.939303 -5785.619412     6.459108    -0.003773
     1790.00     6.448154     0.006836     6.461941     0.007135     7.967303 -5785.619412     6.459108    -0.003773
     1800.00     6.450339     0.006833     6.461941     0.006721     7.995303 -5785.619412     6.459108    -0.003773
     1810.00     6.452132     0.006748     6.462852     0.006418     8.023303 -5785.619412     6.459108    -0.003773
     1820.00     6.454743     0.006734     6.463739     0.006137     8.051303 -5785.619412     6.459108    -0.003773
     1830.00     6.457800     0.006370     6.464593     0.005952     8.079303 -5785.619412     6.459108    -0.003773
     1840.00     6.460532     0.005754     6.465490     0.005776     8.107303 -5785.619412     6.459108    -0.003773
     1850.00     6.463953    -0.004834     6.466450     0.005670     8.135303 -5785.619412     6.459108    -0.003773
     1860.00     6.466298    -0.004834     6.466450     0.005584     8.163303 -5785.619412     6.459108    -0.003773
     1870.00     6.466298    -0.004834     6.467537     0.005448     8.191303 -5785.619412     6.459108    -0.003773
     1880.00     6.466298    -0.004834     6.468599     0.005442     8.219303 -5785.619412     6.459108    -0.003773
     1890.00     6.466298     0.004021     6.469676     0.005329     8.247303 -5785.619412     6.459108    -0.003773
     1900.00     6.466298     0.004021     6.470641     0.005263     8.275303 -5785.619412     6.459108    -0.003773
     1910.00     6.466298     0.004081     6.471588     0.003023     8.303303 -5785.619412     6.459108    -0.003773
     1920.00     6.445633     0.004091     6.474828     0.002946     8.331303 -5785.619412     6.459108    -0.003773
     1930.00     6.445633     0.004216     6.474828     0.002545     8.359303 -5785.619412     6.459108    -0.003773
     1940.00     6.445633     0.004237     6.474828     0.002285     8.387303 -5785.619412     6.459108    -0.003773
     1950.00     6.445633     0.004237     6.474828     0.002080     8.415303 -5785.619412     6.459108    -0.003773
     1960.00     6.445633     0.004506     6.474828     0.001876     8.443303 -5785.619412     6.459108    -0.003773
     1970.00     6.445633     0.004780     6.474828    -0.003868     8.471303 -5785.619412     6.459108    -0.003773
     1980.00     6.446782     0.005096     6.475412     0.001875     8.499303 -5785.619412     6.459108    -0.003773
     1990.00     6.447757     0.005379     6.458436     0.001875     8.527303 -5785.619412     6.459108    -0.003773
     2000.00     6.448569     0.005670     6.458436     0.001844     8.555303 -5785.619412     6.459108    -0.003773
     2010.00     6.449348     0.005928     6.458436     0.001844     8.583303 -5785.619412     6.459108    -0.003773
     2020.00     6.450062     0.006193     6.458436     0.001809     8.611303 -5785.619412     6.459108    -0.003773
     2030.00     6.450693     0.006555     6.458436     0.001804     8.639303 -5785.619412     6.459108    -0.003773
     2040.00     6.451222     0.006990     6.471375     0.001809     8.667303 -5785.619412     6.459108    -0.003773
     2050.00     6.451631     0.007364     6.497273     0.001820     8.695303 -5785.619412     6.459108    -0.003773
     2060.00     6.451863     0.007364     6.497273     0.001844     8.723303 -5785.619412     6.459108    -0.003773
     2070.00     6.451970     0.007364     6.497273     0.001863     8.751303 -5785.619412     6.459108    -0.003773
     2080.00     6.452070     0.007364     6.497273     0.001875     8.779303 -5785.619412     6.459108    -0.003773
     2090.00     6.452279     0.007364     6.486908     0.007167     8.807303 -5785.619412     6.459108    -0.003773
     2100.00     6.452596     0.007364     6.488418     0.008614     8.835303 -5785.619412     6.459108    -0.003773
     2110.00     6.452951     0.007217     6.488418     0.008962     8.863303 -5785.619412     6.459108    -0.003773
     2120.00     6.453266     0.007213     6.488418     0.009067     8.891303 -5785.619412     6.459108    -0.003773
     2130.00     6.453546     0.007213     6.488418     0.009141     8.919303 -5785.619412     6.459108    -0.003773
     2140.00     6.453780     0.007201     6.488418     0.009160     8.947303 -5785.619412     6.459108    -0.003773
     2150.00     6.454001     0.007201     6.492820     0.009141     8.975303 -5785.619412     6.459108    -0.003773
     2160.00     6.454221     0.007201     6.492820     0.009141     9.003303 -5785.619412     6.459108    -0.003773
     2170.00     6.454432     0.007213     6.495928     0.009067     9.031303 -5785.619412     6.459108    -0.003773
     2180.00     6.454601     0.007216     6.498723     0.009067     9.059303 -5785.619412     6.459108    -0.003773
     2190.00     6.454780     0.007217     6.502383     0.008614     9.087303 -5785.619412     6.459108    -0.003773
     2200.00     6.454966     0.007270     6.538056     0.001786     9.115303 -5785.619412     6.459108    -0.003773
     2210.00     6.455133     0.007298     6.541355     0.001786     9.143303 -5785.619412     6.459108    -0.003773
     2220.00     6.455305     0.007385     6.543844     0.001786     9.171303 -5785.619412     6.459108    -0.003773
     2230.00     6.455367     0.007539     6.545959     0.001786     9.199303 -5785.619412     6.459108    -0.003773
     2240.00     6.455379     0.007539     6.549092     0.001786     9.227303 -5785.619412     6.459108    -0.003773
     2250.00     6.455434     0.007539     6.551655     0.001786     9.255303 -5785.619412     6.459108    -0.003773
     2260.00     6.455457     0.007539     6.554812     0.001893     9.283303 -5785.619412     6.459108    -0.003773
     2270.00     6.455465     0.007539     6.557382     0.001933     9.311303 -5785.619412     6.459108    -0.003773
     2280.00     6.455508     0.007539     6.560019     0.001936     9.339303 -5785.619412     6.459108    -0.003773
     2290.00     6.455518     0.007412     6.562797     0.001979     9.367303 -5785.619412     6.459108    -0.003773
     2300.00     6.455657     0.007412     6.565677     0.001994     9.395303 -5785.619412     6.459108    -0.003773
     2310.00     6.455847     0.007412     6.568547     0.002047     9.423303 -5785.619412     6.459108    -0.003773
     2320.00     6.455999     0.007335     6.571680     0.002073     9.451303 -5785.619412     6.459108    -0.003773
     2330.00     6.456135     0.007329     6.574206     0.002156     9.479303 -5785.619412     6.459108    -0.003773
     2340.00     6.456233     0.007309     6.577046     0.002161     9.507303 -5785.619412     6.459108    -0.003773
     2350.00     6.456280     0.007294     6.579612     0.002175     9.535303 -5785.619412     6.459108    -0.003773
     2360.00     6.456321     0.007294     6.582628     0.002307     9.563303 -5785.619412     6.459108    -0.003773
     2370.00     6.456392     0.007294     6.585488     0.002362     9.591303 -5785.619412     6.459108    -0.003773
     2380.00     6.456482     0.007294     6.586385     0.002362     9.619303 -5785.619412     6.459108    -0.003773
     2390.00     6.456570     0.007294     6.590523     0.002534     9.647303 -5785.619412     6.459108    -0.003773
     2400.00     6.456668     0.007282     6.592881     0.002801     9.675303 -5785.619412     6.459108    -0.003773
     2410.00     6.456751     0.007253     6.595474     0.002801     9.703303 -5785.619412     6.459108    -0.003773
     2420.00     6.456875     0.007220     6.600356     0.002801     9.731303 -5785.619412     6.459108    -0.003773
     2430.00     6.457005     0.007154     6.605392     0.002801     9.759303 -5785.619412     6.459108    -0.003773
     2440.00     6.457005     0.007064     6.605392     0.002668     9.787303 -5785.619412     6.459108    -0.003773
     2450.00     6.457005     0.007042     6.605392     0.002558     9.815303 -5785.619412     6.459108    -0.003773
     2460.00     6.457005     0.006975     6.605392     0.002474     9.843303 -5785.619412     6.459108    -0.003773
     2470.00     6.457005     0.006899     6.605392     0.002474     9.871303 -5785.619412     6.459108    -0.003773
     2480.00     6.457005     0.006860     6.605392     0.000000     9.899303 -5785.619412     6.459108    -0.003773
