========================================================================================================================
ПАРАМЕТРЫ СВЯЗИ И МАГНОНОВ ДЛЯ КАЖДОГО ЗНАЧЕНИЯ МАГНИТНОГО ПОЛЯ
========================================================================================================================

    Поле (Э)    ω_m (ГГц)     ω_m_эксп      J (ГГц)      Γ (ГГц)      α (ГГц)      γ (ГГц)
------------------------------------------------------------------------------------------------------------------------
     1270.00     6.511297     6.511297     0.020367     0.014772     1.279533     1.260035
     1280.00     6.539297     6.511694     0.015264     0.030999     5.569196     5.548594
     1290.00     6.567297     6.511939     0.016261     0.047077    12.826269    12.796889
     1300.00     6.595297     6.512175     0.015969     0.062640    22.685397    22.656017
     1310.00     6.623297     6.512517     0.016612     0.077676    34.869425    34.838064
     1320.00     6.651297     6.512816     0.016660     0.092399    49.327986    49.296625
     1330.00     6.679297     6.415372     0.019305     0.108213    67.646082    67.614734
     1340.00     6.707297     5.974705     0.210396     0.017588     1.817542     1.786194
     1350.00     6.735297     5.974850     0.201754     0.019573     2.243371     2.212023
     1360.00     6.763297     5.975002     0.190941     0.015362     1.387644     1.362691
     1370.00     6.791297     5.975189     0.178565     0.011527     0.786857     0.767173
     1380.00     6.819297     5.975367     0.163746     0.006518     0.249416     0.245278
     1390.00     6.847297     5.979293     0.144639     0.018113     1.891022     1.894320
     1400.00     6.875297     5.979456     0.124356     0.021619     2.695082     2.698662
     1410.00     6.903297     6.043201     0.029309     0.079242    36.253566    36.256947
     1420.00     6.931297     6.090952     0.013871     0.146569   124.038841   124.041762
     1430.00     6.959297     6.394050     0.000772     0.248000   355.127536   355.129846
     1440.00     6.987297     6.394050     0.000500     0.262104   396.667035   396.669022
     1450.00     7.015297     6.394050     0.003843     0.276058   440.036306   440.030735
     1460.00     7.043297     6.386673     0.007714     0.289620   484.338762   484.326281
     1470.00     7.071297     6.390905     0.007804     0.303993   533.604741   533.592178
     1480.00     7.099297     6.390905     0.007836     0.318086   584.225467   584.212878
     1490.00     7.127297     6.390905     0.007888     0.332171   637.108890   637.096239
     1500.00     7.155297     6.393005     0.007964     0.346356   692.685516   692.672782
     1510.00     7.183297     6.394116     0.008053     0.360470   750.289674   750.276815
     1520.00     7.211297     6.394163     0.008067     0.374529   809.954164   809.941304
     1530.00     7.239297     6.397935     0.008133     0.388743   872.598622   872.585688
     1540.00     7.267297     6.397964     0.008154     0.402789   936.794070   936.781116
     1550.00     7.295297     6.398020     0.008235     0.416831  1003.247797  1003.234702
     1560.00     7.323297     6.424077     0.008351     0.431664  1075.917852  1075.904801
     1570.00     7.351297     6.424917     0.008304     0.445694  1146.992418  1146.979474
     1580.00     7.379297     6.429634     0.008311     0.459798  1220.734481  1220.721578
     1590.00     7.407297     6.435691     0.008400     0.473905  1296.791588  1296.778577
     1600.00     7.435297     6.437160     0.008419     0.487930  1374.677039  1374.664007
     1610.00     7.463297     6.437225     0.008449     0.501934  1454.719257  1454.706172
     1620.00     7.491297     6.437225     0.008463     0.515938  1537.027167  1537.014060
     1630.00     7.519297     6.437225     0.008583     0.529941  1621.591762  1621.578427
     1640.00     7.547297     6.445940     0.008902     0.544033  1708.978484  1708.964602
     1650.00     7.575297     6.445971     0.008904     0.558034  1798.074266  1798.060384
     1660.00     7.603297     6.437374     0.008872     0.571949  1888.858726  1888.844845
     1670.00     7.631297     6.437478     0.008951     0.585950  1982.470172  1982.456140
     1680.00     7.659297     6.437564     0.009323     0.599950  2078.334360  2078.319604
     1690.00     7.687297     6.437654     0.009407     0.613952  2176.474992  2176.460077
     1700.00     7.715297     6.439603     0.009920     0.627975  2277.039604  2277.023678
     1710.00     7.743297     6.439427     0.010356     0.641976  2379.701046  2379.684282
     1720.00     7.771297     6.440704     0.011963     0.655986  2484.708957  2484.689071
     1730.00     7.799297     6.441105     0.011453     0.669992  2591.936267  2591.917420
     1740.00     7.827297     6.441105     0.011347     0.683994  2701.403901  2701.385269
     1750.00     7.855297     6.441345     0.011324     0.697994  2813.119139  2813.100555
     1760.00     7.883297     6.444627     0.011325     0.712021  2927.320664  2927.302080
     1770.00     7.911297     6.446178     0.011325     0.726032  3043.665898  3043.647314
     1780.00     7.939297     6.447955     0.011186     0.740044  3162.278190  3162.259888
     1790.00     7.967297     6.450982     0.011059     0.754060  3283.196959  3283.178914
     1800.00     7.995297     6.453166     0.010852     0.768070  3406.325529  3406.307900
     1810.00     8.023297     6.455870     0.010658     0.782073  3531.666022  3531.648782
     1820.00     8.051297     6.459369     0.010511     0.796079  3659.290919  3659.273974
     1830.00     8.079297     6.463280     0.010236     0.810085  3789.179357  3789.162960
     1840.00     8.107297     6.466909     0.009839     0.824088  3921.311903  3921.296299
     1850.00     8.135297     6.471290     0.004484     0.838107  4055.852557  4055.847648
     1860.00     8.163297     6.473635     0.004449     0.852108  4192.488701  4192.483877
     1870.00     8.191297     6.474722     0.004377     0.866107  4331.375043  4331.370355
     1880.00     8.219297     6.475784     0.004371     0.880106  4472.525603  4472.520921
     1890.00     8.247297     6.476861     0.008748     0.894090  4615.795523  4615.782099
     1900.00     8.275297     6.477826     0.008714     0.908089  4761.467642  4761.454284
     1910.00     8.303297     6.478773     0.007628     0.922088  4909.398601  4909.387423
     1920.00     8.331297     6.461347     0.007603     0.935978  5058.419672  5058.408560
     1930.00     8.359297     6.461347     0.007468     0.949980  5210.895361  5210.884526
     1940.00     8.387297     6.461347     0.007351     0.963982  5365.633687  5365.623090
     1950.00     8.415297     6.461347     0.007249     0.977984  5522.635176  5522.624786
     1960.00     8.443297     6.461347     0.007285     0.991985  5681.902612  5681.892157
     1970.00     8.471297     6.461347     0.004593     1.005995  5843.524008  5843.519023
     1980.00     8.499297     6.463080     0.007583     1.019993  6007.273608  6007.262562
     1990.00     8.527297     6.447080     0.007710     1.034080  6174.348148  6174.336820
     2000.00     8.555297     6.447892     0.007840     1.048082  6342.693469  6342.681881
     2010.00     8.583297     6.448671     0.007969     1.062084  6513.298984  6513.287139
     2020.00     8.611297     6.449385     0.008083     1.076086  6686.165319  6686.153244
     2030.00     8.639297     6.450016     0.008262     1.090088  6861.293098  6861.280664
     2040.00     8.667297     6.463483     0.008498     1.104049  7038.172894  7038.160021
     2050.00     8.695297     6.489790     0.008724     1.117863  7215.396305  7215.383047
     2060.00     8.723297     6.490022     0.008735     1.131868  7397.324472  7397.311190
     2070.00     8.751297     6.490129     0.008744     1.145872  7581.499723  7581.486422
     2080.00     8.779297     6.490229     0.008749     1.159875  7767.937642  7767.924329
     2090.00     8.807297     6.480073     0.011342     1.173964  7957.801353  7957.782748
     2100.00     8.835297     6.481900     0.012055     1.187957  8148.634097  8148.614045
     2110.00     8.863297     6.482255     0.012152     1.201961  8341.887894  8341.867641
     2120.00     8.891297     6.482571     0.012202     1.215965  8537.399430  8537.379076
     2130.00     8.919297     6.482850     0.012239     1.229968  8735.170388  8735.149960
     2140.00     8.947297     6.483084     0.012242     1.243972  8935.199705  8935.179270
     2150.00     8.975297     6.487708     0.012231     1.257942  9137.025221  9137.004805
     2160.00     9.003297     6.487928     0.012232     1.271946  9341.582420  9341.562005
     2170.00     9.031297     6.491247     0.012201     1.285925  9548.042895  9548.022541
     2180.00     9.059297     6.494211     0.012201     1.299905  9756.777752  9756.757395
     2190.00     9.087297     6.498049     0.011979     1.313876  9967.637694  9967.617789
     2200.00     9.115297     6.533908     0.008692     1.327445 10174.573150 10174.560020
     2210.00     9.143297     6.537374     0.008709     1.341403 10389.658427 10389.645268
     2220.00     9.171297     6.540035     0.008756     1.355373 10607.188862 10607.175617
     2230.00     9.199297     6.542212     0.008837     1.369346 10827.037786 10827.024387
     2240.00     9.227297     6.545357     0.008839     1.383302 11048.847771 11048.834371
     2250.00     9.255297     6.547976     0.008841     1.397267 11273.063884 11273.050485
     2260.00     9.283297     6.551156     0.008895     1.411221 11499.344403 11499.330897
     2270.00     9.311297     6.553734     0.008916     1.425184 11728.030162 11728.016616
     2280.00     9.339297     6.556413     0.008919     1.439147 11958.951184 11958.937635
     2290.00     9.367297     6.559202     0.008875     1.453105 12192.059291 12192.045827
     2300.00     9.395297     6.562221     0.008884     1.467064 12427.419995 12427.406516
     2310.00     9.423297     6.565281     0.008912     1.481023 12665.041758 12665.028225
     2320.00     9.451297     6.568566     0.008886     1.494976 12904.805126 12904.791645
     2330.00     9.479297     6.571227     0.008924     1.508940 13147.008080 13146.994522
     2340.00     9.507297     6.574165     0.008918     1.522897 13391.336759 13391.323215
     2350.00     9.535297     6.576779     0.008918     1.536858 13637.986525 13637.972983
     2360.00     9.563297     6.579836     0.008983     1.550809 13886.714371 13886.700696
     2370.00     9.591297     6.582766     0.009011     1.564764 14137.749643 14137.735913
     2380.00     9.619297     6.583754     0.009011     1.578759 14391.776164 14391.762434
     2390.00     9.647297     6.587980     0.009096     1.592687 14646.823282 14646.809380
     2400.00     9.675297     6.590436     0.009219     1.606651 14904.793138 14904.778981
     2410.00     9.703297     6.593111     0.009205     1.620610 15164.915107 15164.900979
     2420.00     9.731297     6.598117     0.009190     1.634520 15426.358512 15426.344417
     2430.00     9.759297     6.603284     0.009159     1.648425 15689.936155 15689.922126
     2440.00     9.787297     6.603284     0.009047     1.662439 15957.845137 15957.831330
     2450.00     9.815297     6.603284     0.008982     1.676453 16228.018398 16228.004723
     2460.00     9.843297     6.603284     0.008906     1.690466 16500.453998 16500.440474
     2470.00     9.871297     6.603284     0.008865     1.704480 16775.151739 16775.138292
     2480.00     9.899297     6.603284     0.007659     1.718495 17052.154398 17052.143464
