========================================================================================================================
ПАРАМЕТРЫ СВЯЗИ И МАГНОНОВ ДЛЯ КАЖДОГО ЗНАЧЕНИЯ МАГНИТНОГО ПОЛЯ
========================================================================================================================

    Поле (Э)    ω_m (ГГц)     ω_m_эксп      J (ГГц)      Γ (ГГц)      α (ГГц)      γ (ГГц)
------------------------------------------------------------------------------------------------------------------------
     2850.00     3.376878     3.384505     0.001100     0.035098     0.030145     0.024150
     2855.00     3.389531     3.386030     0.107588     0.098731     0.198195     0.191095
     2856.00     3.392061     3.387842     0.106141     0.100732     0.196712     0.198921
     2857.50     3.395857     3.390581     0.107506     0.101931     0.203697     0.203684
     2858.50     3.398388     3.392984     0.108634     0.098631     0.202204     0.190709
     2860.50     3.403449     3.398694     0.107967     0.097692     0.200154     0.187097
     2861.00     3.404714     3.399119     0.108246     0.097540     0.200049     0.186515
     2862.50     3.408510     3.402962     0.107592     0.098402     0.199962     0.189823
     2867.50     3.421163     3.414722     0.104369     0.094289     0.183796     0.174289
     2868.00     3.422429     3.416119     0.104270     0.094308     0.184444     0.174357
     2870.00     3.427490     3.420576     0.105190     0.094287     0.188037     0.174279
     2870.50     3.428755     3.422373     0.104250     0.093272     0.184065     0.170548
     2871.00     3.430020     3.423018     0.104503     0.093534     0.184400     0.171507
     2872.50     3.433816     3.426987     0.103830     0.092186     0.180932     0.166600
     2874.00     3.437612     3.431105     0.103493     0.090963     0.179116     0.162208
     2874.50     3.438878     3.431827     0.102899     0.090210     0.175423     0.159536
     2876.00     3.442673     3.436685     0.100955     0.088049     0.165729     0.151982
     2878.00     3.447735     3.441551     0.099412     0.089068     0.161916     0.155519
     2878.50     3.449000     3.442761     0.098729     0.091282     0.163716     0.163349
     2879.00     3.450265     3.443577     0.097093     0.091487     0.157819     0.164084
     2881.00     3.455327     3.448532     0.099925     0.087301     0.164780     0.149411
     2881.50     3.456592     3.449194     0.100329     0.087569     0.165813     0.150329
     2885.50     3.466714     3.459812     0.097743     0.084390     0.155271     0.139613
     2887.50     3.471776     3.464562     0.096642     0.086184     0.153958     0.145613
     2889.50     3.476837     3.468804     0.091899     0.086483     0.140776     0.146626
     2890.50     3.479367     3.470887     0.094318     0.083958     0.145482     0.138189
     2894.00     3.488224     3.479419     0.094577     0.082551     0.146419     0.133594
     2895.00     3.490755     3.481609     0.093995     0.081690     0.143631     0.130822
     2897.00     3.495816     3.486812     0.093995     0.078746     0.139666     0.121564
     2899.50     3.502143     3.493426     0.092439     0.076770     0.133477     0.115540
     2901.00     3.505939     3.497801     0.092643     0.076551     0.134156     0.114880
     2902.00     3.508469     3.499950     0.091867     0.077222     0.133375     0.116905
     2904.50     3.514796     3.505504     0.086803     0.077044     0.120982     0.116366
     2906.00     3.518592     3.508767     0.086993     0.075538     0.119477     0.111861
     2907.50     3.522388     3.512491     0.087137     0.075456     0.121670     0.111619
     2908.00     3.523653     3.514497     0.087669     0.073620     0.121602     0.106251
     2908.50     3.524918     3.515436     0.087976     0.071738     0.119337     0.100890
     2911.50     3.532510     3.524097     0.085724     0.072196     0.115031     0.102181
     2915.50     3.542633     3.532424     0.081163     0.070879     0.104662     0.098488
     2917.50     3.547694     3.537528     0.082665     0.068461     0.106907     0.091882
     2920.00     3.554020     3.543783     0.078949     0.066866     0.096770     0.087651
     2921.00     3.556551     3.546223     0.079417     0.065057     0.096414     0.082972
     2921.50     3.557816     3.548125     0.081884     0.062331     0.100598     0.076163
     2922.50     3.560347     3.550992     0.083297     0.061088     0.102870     0.073157
     2924.00     3.564143     3.554541     0.082017     0.061570     0.099966     0.074315
     2927.50     3.573000     3.563593     0.074532     0.063919     0.085313     0.080094
     2929.00     3.576796     3.567241     0.072054     0.060279     0.077259     0.071233
     2930.00     3.579327     3.569685     0.071726     0.058488     0.074925     0.067063
     2932.50     3.585653     3.576065     0.071829     0.058993     0.078401     0.068226
     2935.00     3.591980     3.582955     0.075538     0.054059     0.084310     0.057290
     2935.50     3.593245     3.583730     0.075815     0.053781     0.084592     0.056702
     2936.00     3.594510     3.585487     0.075500     0.053572     0.084105     0.056263
     2936.50     3.595776     3.587535     0.074630     0.052768     0.081427     0.054587
     2937.00     3.597041     3.588601     0.071594     0.053817     0.074986     0.056778
     2939.50     3.603367     3.593299     0.058825     0.065409     0.063128     0.083873
     2940.00     3.604633     3.594091     0.064722     0.057513     0.066830     0.064846
     2941.50     3.608429     3.597927     0.068233     0.052011     0.070527     0.053031
     2942.50     3.610959     3.600250     0.067916     0.050948     0.069582     0.050885
     2943.50     3.613490     3.602903     0.065443     0.051422     0.064672     0.051837
     2944.50     3.616020     3.605327     0.064703     0.050693     0.063288     0.050378
     2945.00     3.617286     3.606989     0.064803     0.050016     0.063533     0.049042
     2948.00     3.624878     3.614222     0.067017     0.044110     0.064739     0.038143
     2948.50     3.626143     3.616794     0.069475     0.040719     0.067249     0.032504
     2949.50     3.628673     3.619636     0.069504     0.039313     0.066517     0.030298
     2950.00     3.629939     3.621669     0.068941     0.039000     0.065234     0.029818
     2957.00     3.647653     3.637268     0.052265     0.040306     0.038886     0.031848
     2958.50     3.651449     3.642345     0.051064     0.035177     0.031607     0.024259
     2959.50     3.653980     3.645139     0.051539     0.033862     0.033209     0.022478
     2966.50     3.671694     3.661291     0.024994     0.012520     0.004069     0.003073
     2967.50     3.674224     3.665102     0.061458     0.008965     0.043345     0.001576
     2969.00     3.678020     3.663817     0.058058     0.007940     0.038856     0.001236
     2970.00     3.680551     3.664011     0.054423     0.007730     0.031100     0.001171
     2982.00     3.710918     3.690890     0.046015     0.006513     0.028464     0.000832
     2982.50     3.712184     3.694071     0.047782     0.007003     0.030781     0.000961
     2983.00     3.713449     3.695494     0.049487     0.007445     0.033159     0.001087
     2983.50     3.714714     3.698633     0.044554     0.009059     0.027139     0.001609
     2984.00     3.715980     3.700172     0.044549     0.009756     0.027342     0.001866
     2984.50     3.717245     3.703221     0.046353     0.010225     0.029645     0.002050
     2985.00     3.718510     3.705537     0.047160     0.010987     0.030805     0.002366
     2985.50     3.719776     3.706807     0.037160     0.014394     0.020160     0.004062
     2986.00     3.721041     3.709325     0.037387     0.015393     0.020594     0.004645
     2986.50     3.722306     3.710499     0.032832     0.018305     0.017063     0.006569
     2987.00     3.723571     3.712616     0.032964     0.019529     0.017530     0.007476
     2987.50     3.724837     3.714048     0.037065     0.018474     0.021301     0.006691
     2988.00     3.726102     3.715891     0.040480     0.018231     0.024853     0.006516
     2988.50     3.727367     3.716952     0.037079     0.020683     0.021995     0.008386
     2990.00     3.731163     3.721443     0.036205     0.024956     0.022492     0.012210
     2990.50     3.732429     3.723234     0.037283     0.025458     0.023809     0.012706
     2991.00     3.733694     3.724090     0.035175     0.027739     0.022703     0.015084
     2991.50     3.734959     3.725844     0.038732     0.026839     0.026038     0.014122
     2992.00     3.736224     3.726884     0.034715     0.030537     0.023533     0.018281
     2992.50     3.737490     3.728491     0.042031     0.027027     0.029857     0.014320
     2993.00     3.738755     3.729555     0.040232     0.029561     0.028725     0.017131
     2994.00     3.741286     3.732408     0.041998     0.030479     0.031222     0.018211
     2994.50     3.742551     3.733013     0.040379     0.032403     0.030423     0.020584
     2995.00     3.743816     3.734973     0.042696     0.032066     0.032820     0.020158
     2996.00     3.746347     3.737864     0.040786     0.035587     0.032279     0.024827
     2996.50     3.747612     3.738586     0.043479     0.034569     0.035080     0.023428
     2997.00     3.748878     3.740341     0.043048     0.036017     0.035182     0.025431
     2997.50     3.750143     3.741901     0.041219     0.038724     0.034287     0.029397
     2998.50     3.752673     3.744486     0.043575     0.038828     0.037197     0.029555
     2999.00     3.753939     3.745364     0.047053     0.037155     0.040768     0.027063
     2999.50     3.755204     3.747151     0.047577     0.037776     0.041760     0.027975
     3000.00     3.756469     3.747884     0.046688     0.039330     0.041499     0.030324
     3000.50     3.757735     3.749728     0.044648     0.042124     0.040300     0.034786
     3001.00     3.759000     3.750802     0.045448     0.042329     0.041536     0.035126
     3001.50     3.760265     3.752450     0.046593     0.042471     0.042987     0.035362
     3002.00     3.761531     3.753942     0.049738     0.040994     0.046431     0.032945
     3002.50     3.762796     3.754883     0.048142     0.043082     0.045446     0.036387
     3003.00     3.764061     3.756398     0.047122     0.045030     0.045104     0.039751
     3006.00     3.771653     3.778465     0.026575     0.023567     0.076356     0.010888
     3010.00     3.781776     3.775256     0.054546     0.051062     0.058953     0.051114
     3010.50     3.783041     3.776324     0.055203     0.051166     0.060306     0.051323
     3011.00     3.784306     3.777863     0.056518     0.051183     0.062314     0.051357
     3011.50     3.785571     3.778618     0.054400     0.053818     0.060928     0.056780
     3012.00     3.786837     3.780358     0.054604     0.054416     0.061463     0.058049
     3012.50     3.788102     3.781485     0.056739     0.053180     0.064190     0.055443
     3013.00     3.789367     3.782845     0.057142     0.053778     0.064981     0.056697
     3013.50     3.790633     3.783860     0.059156     0.052615     0.067593     0.054270
     3014.00     3.791898     3.785443     0.058841     0.053878     0.067827     0.056908
     3014.50     3.793163     3.787331     0.060455     0.053258     0.069745     0.055606
     3015.00     3.794429     3.788201     0.060073     0.054265     0.069967     0.057728
     3015.50     3.795694     3.789838     0.060485     0.054721     0.070850     0.058702
     3016.00     3.796959     3.791036     0.061007     0.055117     0.072234     0.059556
     3016.50     3.798224     3.792567     0.061195     0.055791     0.072840     0.061019
     3017.00     3.799490     3.793361     0.061661     0.056080     0.073979     0.061654
     3017.50     3.800755     3.795061     0.061786     0.056610     0.074231     0.062826
     3018.00     3.802020     3.796107     0.061406     0.057604     0.074521     0.065050
     3018.50     3.803286     3.797591     0.062815     0.057232     0.076439     0.064214
     3019.50     3.805816     3.800440     0.062167     0.059372     0.077082     0.069105
     3020.00     3.807082     3.801993     0.064613     0.057857     0.080019     0.065623
     3020.50     3.808347     3.803328     0.063344     0.059582     0.079163     0.069595
     3021.00     3.809612     3.804639     0.065291     0.058756     0.081675     0.067679
     3021.50     3.810878     3.805477     0.064900     0.059889     0.082213     0.070315
     3022.00     3.812143     3.807420     0.065376     0.060308     0.082980     0.071302
     3024.00     3.817204     3.812343     0.067090     0.061340     0.087054     0.073763
     3024.50     3.818469     3.814006     0.066754     0.062444     0.086722     0.076442
     3025.00     3.819735     3.815098     0.067993     0.061959     0.088950     0.075259
     3025.50     3.821000     3.816908     0.068315     0.062615     0.089888     0.076861
     3027.50     3.826061     3.822047     0.068610     0.065011     0.092513     0.082855
     3028.00     3.827327     3.823557     0.069012     0.065410     0.093235     0.083874
     3028.50     3.828592     3.824663     0.070287     0.065034     0.095663     0.082915
     3029.00     3.829857     3.826328     0.069406     0.066545     0.095050     0.086811
     3031.00     3.834918     3.831371     0.070775     0.067558     0.098260     0.089475
     3031.50     3.836184     3.832418     0.071954     0.067083     0.100466     0.088220
     3032.00     3.837449     3.834219     0.070578     0.069101     0.098917     0.093609
     3032.50     3.838714     3.835882     0.071742     0.068509     0.100065     0.092010
     3034.50     3.843776     3.841169     0.072316     0.070510     0.103036     0.097464
     3041.00     3.860224     3.858464     0.076964     0.074910     0.116310     0.110008
     3041.50     3.861490     3.860349     0.077608     0.075055     0.117073     0.110435
     3042.00     3.862755     3.861377     0.077966     0.075235     0.118434     0.110965
     3045.50     3.871612     3.870537     0.079645     0.077143     0.122654     0.116665
     3046.00     3.872878     3.872280     0.081413     0.075837     0.124605     0.112747
     3046.50     3.874143     3.873314     0.081590     0.075745     0.124703     0.112474
     3047.00     3.875408     3.875127     0.081468     0.076852     0.125241     0.115785
     3049.00     3.880469     3.880370     0.084750     0.077059     0.133237     0.116412
     3049.50     3.881735     3.882152     0.084014     0.078376     0.132508     0.120425
     3050.00     3.883000     3.882809     0.085068     0.077942     0.134542     0.119093
