====================================================================================================
ДАННЫЕ СОБСТВЕННЫХ МОД
====================================================================================================

    Поле (Э)     Mode1_Re     Mode1_Im     Mode2_Re     Mode2_Im      Rec+_Re      Rec+_Im      Rec-_Re      Rec-_Im
----------------------------------------------------------------------------------------------------
     1550.00     6.342030     0.003677     6.439049     0.000000     6.459106    -0.003885     6.321973 -1359.961291
     1560.00     6.344834     0.003745     6.439172     0.000000     6.459106    -0.003885     6.349973 -1359.961291
     1570.00     6.347700     0.003786     6.461257     0.000000     6.459106    -0.003885     6.377973 -1359.961291
     1580.00     6.350593     0.003836     6.461410     0.000000     6.459106    -0.003885     6.405973 -1359.961291
     1590.00     6.353788     0.003840     6.461410     0.004053     6.459106    -0.003885     6.433973 -1359.961291
     1600.00     6.356525     0.003840     6.461510     0.004895     6.461973 -1359.961291     6.459106    -0.003885
     1610.00     6.359475     0.003878     6.461519     0.004053     6.489973 -1359.961291     6.459106    -0.003885
     1620.00     6.362434     0.003929     6.461519     0.004895     6.517973 -1359.961291     6.459106    -0.003885
     1630.00     6.365227     0.003929     6.461519     0.007367     6.545973 -1359.961291     6.459106    -0.003885
     1640.00     6.367085     0.003929     6.461510     0.006047     6.573973 -1359.961291     6.459106    -0.003885
     1650.00     6.368297     0.003967     6.461572     0.006047     6.601973 -1359.961291     6.459106    -0.003885
     1660.00     6.374032     0.003977     6.461689     0.006047     6.629973 -1359.961291     6.459106    -0.003885
     1670.00     6.376934     0.003977     6.461689     0.005448     6.657973 -1359.961291     6.459106    -0.003885
     1680.00     6.378457     0.003929     6.462048     0.005448     6.685973 -1359.961291     6.459106    -0.003885
     1690.00     6.379772     0.003929     6.462101     0.005373     6.713973 -1359.961291     6.459106    -0.003885
     1700.00     6.385624     0.004037     6.462101     0.005448     6.741973 -1359.961291     6.459106    -0.003885
     1710.00     6.388516     0.004114     6.462048     0.005373     6.769973 -1359.961291     6.459106    -0.003885
     1720.00     6.391263     0.004246     6.461046     0.005373     6.797973 -1359.961291     6.459106    -0.003885
     1730.00     6.394132     0.004266     6.461073     0.005091     6.825973 -1359.961291     6.459106    -0.003885
     1740.00     6.397047     0.004269     6.461382     0.004864     6.853973 -1359.961291     6.459106    -0.003885
     1750.00     6.399764     0.004299     6.462261     0.004662     6.881973 -1359.961291     6.459106    -0.003885
     1760.00     6.402512     0.004313     6.462261     0.004662     6.909973 -1359.961291     6.459106    -0.003885
     1770.00     6.405243     0.004313     6.462261     0.004646     6.937973 -1359.961291     6.459106    -0.003885
     1780.00     6.408097     0.004313     6.462261     0.004662     6.965973 -1359.961291     6.459106    -0.003885
     1790.00     6.410716     0.004313     6.462261     0.004864     6.993973 -1359.961291     6.459106    -0.003885
     1800.00     6.413384     0.004313     6.462261     0.004662     7.021973 -1359.961291     6.459106    -0.003885
     1810.00     6.416015     0.004302     6.463354     0.004662     7.049973 -1359.961291     6.459106    -0.003885
     1820.00     6.418681     0.004302     6.463354     0.004662     7.077973 -1359.961291     6.459106    -0.003885
     1830.00     6.421174     0.004302     6.463861     0.004864     7.105973 -1359.961291     6.459106    -0.003885
     1840.00     6.423703     0.004302     6.464898     0.005673     7.133973 -1359.961291     6.459106    -0.003885
     1850.00     6.426187     0.004302     6.465722     0.005774     7.161973 -1359.961291     6.459106    -0.003885
     1860.00     6.428635     0.004313     6.466164     0.005844     7.189973 -1359.961291     6.459106    -0.003885
     1870.00     6.430950     0.004341     6.467562     0.005847     7.217973 -1359.961291     6.459106    -0.003885
     1880.00     6.433144     0.004341     6.469725     0.005847     7.245973 -1359.961291     6.459106    -0.003885
     1890.00     6.435124     0.004341     6.469783     0.005774     7.273973 -1359.961291     6.459106    -0.003885
     1900.00     6.437145     0.004341     6.470698     0.005673     7.301973 -1359.961291     6.459106    -0.003885
     1910.00     6.438762     0.004523     6.470834     0.005673     7.329973 -1359.961291     6.459106    -0.003885
     1920.00     6.440328     0.004813     6.471972     0.005398     7.357973 -1359.961291     6.459106    -0.003885
     1930.00     6.444333     0.004813     6.473636     0.005398     7.385973 -1359.961291     6.459106    -0.003885
     1940.00     6.445521     0.005117     6.475455     0.005102     7.413973 -1359.961291     6.459106    -0.003885
     1950.00     6.446543     0.005524     6.477341     0.004924     7.441973 -1359.961291     6.459106    -0.003885
     1960.00     6.448345     0.005573     6.479271     0.004706     7.469973 -1359.961291     6.459106    -0.003885
     1970.00     6.449082     0.005660     6.481336     0.004570     7.497973 -1359.961291     6.459106    -0.003885
     1980.00     6.449795     0.005660     6.483495     0.004440     7.525973 -1359.961291     6.459106    -0.003885
     1990.00     6.449795     0.005660     6.485752     0.004352     7.553973 -1359.961291     6.459106    -0.003885
     2000.00     6.449795     0.005660     6.488075     0.004173     7.581973 -1359.961291     6.459106    -0.003885
     2010.00     6.450486     0.005660     6.490395     0.004052     7.609973 -1359.961291     6.459106    -0.003885
     2020.00     6.451158     0.005660     6.492934     0.003951     7.637973 -1359.961291     6.459106    -0.003885
     2030.00     6.451701     0.004519     6.495393     0.003814     7.665973 -1359.961291     6.459106    -0.003885
     2040.00     6.451701     0.005790     6.497825     0.003659     7.693973 -1359.961291     6.459106    -0.003885
     2050.00     6.451981     0.005848     6.500315     0.003621     7.721973 -1359.961291     6.459106    -0.003885
     2060.00     6.452254     0.005849     6.502983     0.003511     7.749973 -1359.961291     6.459106    -0.003885
     2070.00     6.452291     0.005849     6.505490     0.003389     7.777973 -1359.961291     6.459106    -0.003885
     2080.00     6.452598     0.004519     6.508140     0.003326     7.805973 -1359.961291     6.459106    -0.003885
     2090.00     6.452950     0.004240     6.510720     0.003274     7.833973 -1359.961291     6.459106    -0.003885
     2100.00     6.452950     0.004519     6.513387     0.003231     7.861973 -1359.961291     6.459106    -0.003885
     2110.00     6.452950     0.005948     6.515822     0.003162     7.889973 -1359.961291     6.459106    -0.003885
     2120.00     6.453265     0.006023     6.518523     0.003119     7.917973 -1359.961291     6.459106    -0.003885
     2130.00     6.453500     0.006023     6.521093     0.003114     7.945973 -1359.961291     6.459106    -0.003885
     2140.00     6.453728     0.006024     6.523647     0.003103     7.973973 -1359.961291     6.459106    -0.003885
     2150.00     6.453997     0.006024     6.526296     0.003103     8.001973 -1359.961291     6.459106    -0.003885
     2160.00     6.454218     0.006207     6.528859     0.003103     8.029973 -1359.961291     6.459106    -0.003885
     2170.00     6.454436     0.006231     6.531687     0.003103     8.057973 -1359.961291     6.459106    -0.003885
     2180.00     6.454526     0.006242     6.534344     0.003103     8.085973 -1359.961291     6.459106    -0.003885
     2190.00     6.454526     0.006242     6.534344     0.003071     8.113973 -1359.961291     6.459106    -0.003885
     2200.00     6.454526     0.006242     6.534344     0.003062     8.141973 -1359.961291     6.459106    -0.003885
     2210.00     6.454526     0.006231     6.534344     0.003062     8.169973 -1359.961291     6.459106    -0.003885
     2220.00     6.454526     0.006207     6.534344     0.003062     8.197973 -1359.961291     6.459106    -0.003885
     2230.00     6.454526     0.000000     6.534344     0.003062     8.225973 -1359.961291     6.459106    -0.003885
