====================================================================================================
ДАННЫЕ СОБСТВЕННЫХ МОД
====================================================================================================

    Поле (Э)     Mode1_Re     Mode1_Im     Mode2_Re     Mode2_Im      Rec+_Re      Rec+_Im      Rec-_Re      Rec-_Im
----------------------------------------------------------------------------------------------------
     1550.00     6.394295     0.000000     6.461273     0.009300     6.459108    -0.003879     6.396460 -1541.993357
     1560.00     6.418549    -0.000241     6.461328     0.009331     6.459108    -0.003879     6.424460 -1541.993357
     1570.00     6.423310    -0.000374     6.461393     0.009349     6.459108    -0.003879     6.452460 -1541.993357
     1580.00     6.423818    -0.000442     6.461452     0.009366     6.480460 -1541.993357     6.459108    -0.003879
     1590.00     6.423904    -0.000442     6.461496     0.009442     6.508460 -1541.993357     6.459108    -0.003879
     1600.00     6.427297    -0.000442     6.461578     0.009452     6.536460 -1541.993357     6.459108    -0.003879
     1610.00     6.433939    -0.000442     6.461628     0.009506     6.564460 -1541.993357     6.459108    -0.003879
     1620.00     6.435137    -0.000374     6.461628     0.009553     6.592460 -1541.993357     6.459108    -0.003879
     1630.00     6.435137    -0.000374     6.461628     0.009553     6.620460 -1541.993357     6.459108    -0.003879
     1640.00     6.436030    -0.000352     6.461671     0.009553     6.648460 -1541.993357     6.459108    -0.003879
     1650.00     6.436030     0.000459     6.461709     0.009553     6.676460 -1541.993357     6.459108    -0.003879
     1660.00     6.436030     0.000459     6.461778     0.009553     6.704460 -1541.993357     6.459108    -0.003879
     1670.00     6.436030     0.000487     6.461874     0.009506     6.732460 -1541.993357     6.459108    -0.003879
     1680.00     6.436030     0.001246     6.461966     0.009506     6.760460 -1541.993357     6.459108    -0.003879
     1690.00     6.436030     0.001342     6.462053     0.009506     6.788460 -1541.993357     6.459108    -0.003879
     1700.00     6.436662     0.001577     6.462053     0.010012     6.816460 -1541.993357     6.459108    -0.003879
     1710.00     6.436662     0.007303     6.461874     0.010000     6.844460 -1541.993357     6.459108    -0.003879
     1720.00     6.439118     0.007303     6.461709     0.009057     6.872460 -1541.993357     6.459108    -0.003879
     1730.00     6.440404     0.007303     6.461709     0.008065     6.900460 -1541.993357     6.459108    -0.003879
     1740.00     6.440404     0.007303     6.461709     0.007780     6.928460 -1541.993357     6.459108    -0.003879
     1750.00     6.440404     0.007303     6.461941     0.007752     6.956460 -1541.993357     6.459108    -0.003879
     1760.00     6.442773     0.006948     6.461941     0.007752     6.984460 -1541.993357     6.459108    -0.003879
     1770.00     6.445034     0.006948     6.461941     0.007752     7.012460 -1541.993357     6.459108    -0.003879
     1780.00     6.446326     0.006858     6.461941     0.007355     7.040460 -1541.993357     6.459108    -0.003879
     1790.00     6.448729     0.006820     6.461941     0.007135     7.068460 -1541.993357     6.459108    -0.003879
     1800.00     6.450927     0.006811     6.461941     0.006721     7.096460 -1541.993357     6.459108    -0.003879
     1810.00     6.452788     0.006715     6.462852     0.006418     7.124460 -1541.993357     6.459108    -0.003879
     1820.00     6.455381     0.006658     6.463761     0.006118     7.152460 -1541.993357     6.459108    -0.003879
     1830.00     6.458556     0.006247     6.464614     0.005940     7.180460 -1541.993357     6.459108    -0.003879
     1840.00     6.461142     0.005682     6.465511     0.005767     7.208460 -1541.993357     6.459108    -0.003879
     1850.00     6.464938    -0.004836     6.466474     0.005693     7.236460 -1541.993357     6.459108    -0.003879
     1860.00     6.466891    -0.004836     6.466474     0.005576     7.264460 -1541.993357     6.459108    -0.003879
     1870.00     6.466891    -0.004836     6.467565     0.005457     7.292460 -1541.993357     6.459108    -0.003879
     1880.00     6.466891    -0.004836     6.468599     0.005431     7.320460 -1541.993357     6.459108    -0.003879
     1890.00     6.466891    -0.004565     6.469676     0.005323     7.348460 -1541.993357     6.459108    -0.003879
     1900.00     6.466891    -0.004565     6.470641     0.005277     7.376460 -1541.993357     6.459108    -0.003879
     1910.00     6.466891     0.004032     6.471590     0.003041     7.404460 -1541.993357     6.459108    -0.003879
     1920.00     6.445623     0.004101     6.471590     0.003041     7.432460 -1541.993357     6.459108    -0.003879
     1930.00     6.445623     0.004223     6.471590     0.002938     7.460460 -1541.993357     6.459108    -0.003879
     1940.00     6.445623     0.004268     6.471590     0.002531     7.488460 -1541.993357     6.459108    -0.003879
     1950.00     6.445623     0.004268     6.471590     0.002531     7.516460 -1541.993357     6.459108    -0.003879
     1960.00     6.445623     0.004512     6.451587     0.002240     7.544460 -1541.993357     6.459108    -0.003879
     1970.00     6.445623     0.004785     6.453991     0.002021     7.572460 -1541.993357     6.459108    -0.003879
     1980.00     6.446765     0.005106     6.453991     0.002021     7.600460 -1541.993357     6.459108    -0.003879
     1990.00     6.447757     0.005382     6.453991    -0.005242     7.628460 -1541.993357     6.459108    -0.003879
     2000.00     6.448569     0.005672     6.453991    -0.005428     7.656460 -1541.993357     6.459108    -0.003879
     2010.00     6.449348     0.005927     6.453991    -0.005428     7.684460 -1541.993357     6.459108    -0.003879
     2020.00     6.450062     0.006190     6.453991    -0.005428     7.712460 -1541.993357     6.459108    -0.003879
     2030.00     6.450693     0.006548     6.456340    -0.005428     7.740460 -1541.993357     6.459108    -0.003879
     2040.00     6.451224     0.006973     6.457903    -0.005642     7.768460 -1541.993357     6.459108    -0.003879
     2050.00     6.451632     0.007402     6.459785    -0.005642     7.796460 -1541.993357     6.459108    -0.003879
     2060.00     6.451863     0.007402     6.465555    -0.005642     7.824460 -1541.993357     6.459108    -0.003879
     2070.00     6.451970     0.007402     6.470424     0.001759     7.852460 -1541.993357     6.459108    -0.003879
     2080.00     6.452065     0.007402     6.475653     0.001774     7.880460 -1541.993357     6.459108    -0.003879
     2090.00     6.452288     0.007402     6.480160     0.001811     7.908460 -1541.993357     6.459108    -0.003879
     2100.00     6.452607     0.007402     6.482103     0.008909     7.936460 -1541.993357     6.459108    -0.003879
     2110.00     6.452954     0.007235     6.485949     0.009071     7.964460 -1541.993357     6.459108    -0.003879
     2120.00     6.453266     0.007232     6.485949     0.009141     7.992460 -1541.993357     6.459108    -0.003879
     2130.00     6.453546     0.007224     6.488418     0.009407     8.020460 -1541.993357     6.459108    -0.003879
     2140.00     6.453780     0.007218     6.488418     0.009552     8.048460 -1541.993357     6.459108    -0.003879
     2150.00     6.454001     0.007218     6.490578     0.009552     8.076460 -1541.993357     6.459108    -0.003879
     2160.00     6.454221     0.007218     6.490578     0.009552     8.104460 -1541.993357     6.459108    -0.003879
     2170.00     6.454434     0.007224     6.494275     0.009407     8.132460 -1541.993357     6.459108    -0.003879
     2180.00     6.454603     0.007232     6.498179     0.009141     8.160460 -1541.993357     6.459108    -0.003879
     2190.00     6.454603     0.007232     6.498179     0.009071     8.188460 -1541.993357     6.459108    -0.003879
     2200.00     6.454603     0.007224     6.498179     0.001626     8.216460 -1541.993357     6.459108    -0.003879
     2210.00     6.454603     0.007224     6.498179     0.001594     8.244460 -1541.993357     6.459108    -0.003879
     2220.00     6.454603     0.007218     6.498179     0.001590     8.272460 -1541.993357     6.459108    -0.003879
     2230.00     6.454603     0.007218     6.498179     0.001513     8.300460 -1541.993357     6.459108    -0.003879
