Field, Oe	Frequency 1, GHz	Frequency 2, GHz	Bandwidth 1, GHz	Bandwidth 2, GHz
2850,00	3,3845040650	3,7034505720	0,1085894731	0,1491912228
2850,50	3,3809386150	3,7040843190	0,0998473281	0,0042460790
2851,00	3,3760199363	3,7036755198	0,1256059709	0,0040272357
2851,50	3,3887985375	3,7036530235	0,1107693647	0,4114634755
2852,00	3,3775836325	3,7038910171	0,1207500416	0,0064868283
2852,50	3,3792550619	3,7038799092	0,1165809576	0,0085177874
2853,00	3,3796903360	3,7040944141	0,1040187385	0,0086997758
2853,50	3,3810873972	3,7043719276	0,1099652871	0,0102965630
2854,00	3,3819210329	3,7042865019	0,0895530656	0,0112854147
2854,50	3,3834948891	3,7040752025	0,1001824677	0,0108623435
2855,00	3,3850815386	3,7043986083	0,1202438007	0,0147472277
2855,50	3,3857540873	3,7043390509	0,1324985611	0,0135779162
2856,00	3,3873120352	3,7039803129	0,1406779602	0,0129298710
2856,50	3,3879740596	3,7040691256	0,1453399470	0,0114173104
2857,00	3,3897185000	3,7037905110	0,1492256510	0,0139447553
2857,50	3,3903623644	3,7036686262	0,1412394467	0,0079253557
2858,00	3,4023001810	3,7035366238	0,1211607726	1,0492940029
2858,50	3,3926610765	3,7037728394	0,1164451123	0,0097559742
2859,00	3,3942171506	3,7035429230	0,1059987500	0,0094391016
2859,50	3,4060151374	3,7038328324	0,1145287232	1,9616632918
2860,00	3,4069602359	3,7037653853	0,1212209114	2,1226004196
2860,50	3,3982051837	3,7039386182	0,1135254948	0,0095497394
2861,00	3,3987976691	3,7037716660	0,1132180672	0,0089051054
2861,50	3,4004552213	3,7038053203	0,1086994633	0,0116916577
2862,00	3,4093180985	3,7036650929	0,1015236100	6,0876560028
2862,50	3,4026209720	3,7037914353	0,1220887559	0,0068229463
2863,00	3,4035554844	3,7039537524	0,1206401095	0,0106427542
2863,50	3,4139176846	3,7039278766	0,1268310233	0,4781735403
2864,00	3,4148479525	3,7042964150	0,1178176113	1,8648021397
2864,50	3,4073557592	3,7039852756	0,1238203235	0,0085634245
2865,00	3,4089795032	3,7039422857	0,1424057985	0,0115963196
2865,50	3,4097861566	3,7039306148	0,1446928921	0,0089080511
2866,00	3,4113415233	3,7037321368	0,1183410488	0,0084384793
2866,50	3,4123360492	3,7035043051	0,1235208296	0,0130476491
2867,00	3,4138891312	3,7037442681	0,1325212459	0,0125302327
2867,50	3,4145658186	3,7036059370	0,1191380766	0,0110374283
2868,00	3,4160520928	3,7035168155	0,1185545299	0,0104619852
2868,50	3,4175722132	3,7034051026	0,1105505078	0,0102688637
2869,00	3,4186616505	3,7034507904	0,1013167279	0,0143723730
2869,50	3,4200432953	3,7037412236	0,1184243668	0,0108575507
2870,00	3,4206175919	3,7034084739	0,1149050214	0,0067689124
2870,50	3,4222914988	3,7035318204	0,1133133124	0,0088430256
2871,00	3,4229448858	3,7035233095	0,1157914583	0,0076129489
2871,50	3,4245894571	3,7035014281	0,1275530347	0,0108883777
2872,00	3,4254443697	3,7032720983	0,1236360453	0,0118570601
2872,50	3,4268377093	3,7035993501	0,1119647201	0,0085618533
2873,00	3,4286508956	3,7039093802	0,0957634632	0,0105383300
2873,50	3,4293153645	3,7037735729	0,1143421377	0,0089353757
2874,00	3,4308667435	3,7036878184	0,1065521042	0,0088227575
2874,50	3,4316561527	3,7036212966	0,1072107553	0,0102051359
2875,00	3,4331996852	3,7039163137	0,1212542267	0,0099841054
2875,50	3,4342043603	3,7038494844	0,0947115987	0,0151893738
2876,00	3,4357819448	3,7043529376	0,1074591755	0,0142367705
2876,50	3,4373893909	3,7043205070	0,1055386332	0,0134511020
2877,00	3,4381125845	3,7044820526	0,0975092832	0,0111173416
2877,50	3,4393688076	3,7042889553	0,0992395152	0,0087159560
2878,00	3,4404671870	3,7045339219	0,1238920795	0,0125053265
2878,50	3,4418006502	3,7044103476	0,1388680706	0,0095893544
2879,00	3,4426378222	3,7043890460	0,1505107134	0,0112094835
2879,50	3,4441321904	3,7041490188	0,1998269543	0,0068669590
2880,00	3,4543058978	3,7042351975	0,1983956788	0,2981655582
2880,50	3,4468356541	3,7034381686	0,1112876688	0,0137240139
2881,00	3,4481781757	3,7038036679	0,1084054990	0,0100451699
2881,50	3,4488678197	3,7037764759	0,1097412996	0,0084816261
2882,00	3,4505942569	3,7034965126	0,1022315094	0,0104922448
2882,50	3,4516477274	3,7037921004	0,1218316164	0,0148770052
2883,00	3,4531746237	3,7034834194	0,1129769780	0,0139933200
2883,50	3,4539443025	3,7038430430	0,1008980124	0,0160825372
2884,00	3,4553390291	3,7036644213	0,0973249412	0,0118276525
2884,50	3,4569834599	3,7039072149	0,1035719603	0,0148641804
2885,00	3,4578485315	3,7039828371	0,0991537050	0,0163098946
2885,50	3,4592744289	3,7039872897	0,1064544933	0,0114197274
2886,00	3,4600882099	3,7042171972	0,1211492545	0,0131923652
2886,50	3,4615126596	3,7041343603	0,1075160389	0,0093903380
2887,00	3,4622721393	3,7041562320	0,1352488534	0,0112606079
2887,50	3,4637172351	3,7042946585	0,1248636729	0,0076366529
2888,00	3,4645461259	3,7041520269	0,1222973903	0,0087903841
2888,50	3,4661550617	3,7037189567	0,1605388172	0,0078157718
2889,00	3,4676824907	3,7035537451	0,1747259663	0,0075201967
2889,50	3,4686012588	3,7036530025	0,1494183764	0,0114710082
2890,00	3,4698356104	3,7038060442	0,1445818167	0,0066714820
2890,50	3,4707939591	3,7035430912	0,1245525963	0,0100502498
2891,00	3,4722534159	3,7033602928	0,1131354361	0,0068661293
2891,50	3,4727698612	3,7033289190	0,1225343005	0,0067078575
2892,00	3,4745991629	3,7035826894	0,1012421329	0,0074747904
2892,50	3,4753167972	3,7033629382	0,1128400621	0,0061600274
2893,00	3,4769320074	3,7035539106	0,1055989631	0,0084508532
2893,50	3,4786411541	3,7036905956	0,1204849308	0,0069051020
2894,00	3,4793331161	3,7035360997	0,1171435856	0,0063975427
2894,50	3,4807549067	3,7035507691	0,1105967578	0,0065665605
2895,00	3,4815874818	3,7034716750	0,1164238750	0,0071474123
2895,50	3,4830488716	3,7035350557	0,1226287620	0,0052818962
2896,00	3,4840141605	3,7033045374	0,1035781633	0,0077492206
2896,50	3,4855312391	3,7036963815	0,1105267476	0,0081016177
2897,00	3,4863614717	3,7039003439	0,1041148671	0,0088695885
2897,50	3,4880067340	3,7039241289	0,0975988029	0,0079643452
2898,00	3,4894769475	3,7041565566	0,0927192246	0,0084591721
2898,50	3,4903612701	3,7038909220	0,1107505399	0,0092040126
2899,00	3,4920409735	3,7039763337	0,1207932709	0,0116167376
2899,50	3,4927280109	3,7041477125	0,1028172467	0,0104989476
2900,00	3,4943259632	3,7043689108	0,0981505188	0,0097039449
2900,50	3,5087496667	3,7044069326	0,0969503523	13,2594544250
2901,00	3,4965597341	3,7046911013	0,1025338601	0,0081044669
2901,50	3,5127092676	3,7046689558	0,1046073437	0,3712352044
2902,00	3,4988697761	3,7045302792	0,1097670355	0,0064827135
2902,50	3,5004340943	3,7042602262	0,1426866228	0,0062916685
2903,00	3,5137615154	3,7043343829	0,1563029938	0,8810816140
2903,50	3,5153456863	3,7040720604	0,2072279996	0,3142889229
2904,00	3,5037684345	3,7039603893	0,1861730512	0,0076215037
2904,50	3,5054037568	3,7035505114	0,1295654015	0,0103913516
2905,00	3,5063245777	3,7036344108	0,1135726456	0,0111363032
2905,50	3,5184799998	3,7035749549	0,1109939915	1,5803127282
2906,00	3,5085261789	3,7036903748	0,1237933703	0,0101654515
2906,50	3,5101247104	3,7033573769	0,1268407088	0,0088374864
2907,00	3,5117675913	3,7036520579	0,1296178564	0,0083009330
2907,50	3,5124283496	3,7035129427	0,1219727128	0,0071142330
2908,00	3,5142471384	3,7037003580	0,1101537270	0,0083359333
2908,50	3,5149971857	3,7038888588	0,1018589195	0,0104379977
2909,00	3,5164972922	3,7038146528	0,0908154874	0,0070346798
2909,50	3,5175114720	3,7039454596	0,0840762314	0,0102211366
2910,00	3,5187972438	3,7040870488	0,0945404978	0,0084352499
2910,50	3,5197466442	3,7042652458	0,0894818024	0,0086140811
2911,00	3,5212646417	3,7046699714	0,0979179636	0,0088198728
2911,50	3,5229013718	3,7046460888	0,1157103605	0,0077804805
2912,00	3,5330310053	3,7043044585	0,1471990651	1,0623357004
2912,50	3,5320818703	3,7045560155	0,1902950202	0,9607111154
2913,00	3,5263092534	3,7038004661	0,2343299521	0,0088338142
2913,50	3,5278514884	3,7030882130	0,1288570466	0,0082920593
2914,00	3,5285904578	3,7032716912	0,1344000869	0,0067896845
2914,50	3,5303349374	3,7031681419	0,1504727489	0,0087112973
2915,00	3,5312865041	3,7032125883	0,1470683245	0,0090266606
2915,50	3,5327158629	3,7031576410	0,1272209759	0,0096203752
2916,00	3,5343268918	3,7029906107	0,0969857775	0,0088373935
2916,50	3,5423192431	3,7033951063	0,0996386045	1,1178709851
2917,00	3,5448118381	3,7033415646	0,1219540524	1,1283517873
2917,50	3,5374997520	3,7034784128	0,1118576792	0,0072831593
2918,00	3,5390648897	3,7034915087	0,0982304743	0,0071836609
2918,50	3,5400512845	3,7034877060	0,1198793869	0,0116285898
2919,00	3,5415129908	3,7034457551	0,1150540640	0,0072816348
2919,50	3,5422852353	3,7034199716	0,1346818932	0,0055265975
2920,00	3,5440915061	3,7031414155	0,1195901895	0,0113629102
2920,50	3,5455237866	3,7031075788	0,1317481565	0,0075589925
2921,00	3,5464750575	3,7031982652	0,1104987693	0,0118061295
2921,50	3,5480573419	3,7035176878	0,0887122899	0,0116080002
2922,00	3,5488050374	3,7038451610	0,0717384788	0,0092150800
2922,50	3,5502967951	3,7041447443	0,0801559357	0,0096075109
2923,00	3,5510451483	3,7040643049	0,0831282683	0,0071303353
2923,50	3,5527990080	3,7044098239	0,0787262943	0,0089295232
2924,00	3,5534886609	3,7045023599	0,0902260930	0,0076633521
2924,50	3,5550866472	3,7042906294	0,1112986107	0,0069001097
2925,00	3,5568157574	3,7048543432	0,0982562410	0,0098949871
2925,50	3,5577468946	3,7051023653	0,1048874158	0,0098888904
2926,00	3,5593391825	3,7056086654	0,1221387471	0,0090387816
2926,50	3,5601442094	3,7051743104	0,1306626338	0,0118449622
2927,00	3,5616710312	3,7045418317	0,1181537819	0,0114923661
2927,50	3,5624232212	3,7046201530	0,1301658649	0,0085861104
2928,00	3,5640934212	3,7045775489	0,1844036160	0,0074486584
2928,50	3,5655070297	3,7043451483	0,1885105435	0,0207702787
2929,00	3,5672621303	3,7034291033	0,1211714605	0,0159673734
2929,50	3,5687879338	3,7034139481	0,1100009377	0,0159665022
2930,00	3,5696788542	3,7034558314	0,1156620783	0,0178042928
2930,50	3,5708723532	3,7036258997	0,1235624640	0,0095484478
2931,00	3,5720168866	3,7036054805	0,1110472076	0,0138624277
2931,50	3,5737274233	3,7035399249	0,1144322404	0,0179249869
2932,00	3,5753586931	3,7036034312	0,1235727737	0,0145261511
2932,50	3,5757846289	3,7037299923	0,1188526799	0,0099891883
2933,00	3,5773504755	3,7035566255	0,1264412127	0,0100323237
2933,50	3,5890706760	3,7035963507	0,1065387987	0,6799201644
2934,00	3,5897813150	3,7038998391	0,0952786596	0,2734750482
2934,50	3,5805589267	3,7039401980	0,1022252511	0,0072169904
2935,00	3,5821382010	3,7042667730	0,0885731979	0,0065778320
2935,50	3,5828288521	3,7043507273	0,0879762598	0,0054350413
2936,00	3,5843846197	3,7045521327	0,0885232350	0,0049838184
2936,50	3,5861211253	3,7048641988	0,0884342540	0,0070764411
2937,00	3,5871975793	3,7048532226	0,1034470749	0,0093281002
2937,50	3,5886170292	3,7676306560	1,6992509832	0,0061067246
2938,00	3,5894991348	3,7688586701	1,5474444667	0,0067628045
2938,50	3,5910542613	3,7043692678	0,3310786677	0,0063989552
2939,00	3,5919022663	3,7035938973	0,3801049528	0,0072513088
2939,50	3,5933584955	3,7033900402	0,1862358211	0,0044445103
2940,00	3,5941755024	3,7033650923	0,1396708391	0,0055508649
2940,50	3,5958849878	3,7030436644	0,1217080839	0,0068980787
2941,00	3,5975359758	3,7029804927	0,1077987033	0,0057058267
2941,50	3,5981596171	3,7032169051	0,1089270263	0,0052722000
2942,00	3,5999269099	3,7031620249	0,0987562530	0,0061554457
2942,50	3,6006031338	3,7030972522	0,1067504947	0,0050455448
2943,00	3,6021159103	3,7706806882	4,4529702453	0,0049004676
2943,50	3,6029205462	3,7034328922	0,1174315360	0,0060887388
2944,00	3,6048393860	3,7033976756	0,1043297796	0,0090274204
2944,50	3,6054566511	3,7033205233	0,1175742962	0,0057966206
2945,00	3,6070269958	3,7034122377	0,1149764670	0,0052322822
2945,50	3,6087588739	3,7030080453	0,1210114245	0,0065408931
2946,00	3,6095124976	3,7032450205	0,1135145558	0,0053058153
2946,50	3,6110548490	3,7034923685	0,1167744900	0,0049958273
2947,00	3,6120882725	3,7031777055	0,1212747679	0,0074294890
2947,50	3,6135842749	3,7031048446	0,1123478017	0,0076552296
2948,00	3,6141335326	3,7035389444	0,0913252307	0,0046732814
2948,50	3,6160959332	3,7041484958	0,0723625845	0,0073359439
2949,00	3,6168865206	3,7043843328	0,0644811452	0,0086777573
2949,50	3,6185388162	3,7045467472	0,0691105786	0,0076426617
2950,00	3,6200883783	3,7050308380	0,0705856092	0,0077720885
2950,50	3,6209978530	3,7680403316	1,5300046139	0,0082634287
2951,00	3,6223839292	3,7052509125	0,1025681598	0,0063441232
2951,50	3,6233408351	3,7032953013	7,5849829219	0,0067841244
2952,00	3,6252308030	3,7043984515	0,3780502352	0,0107761933
2952,50	3,6261310797	3,7053079956	0,2845279632	0,0118872787
2953,00	3,6279554239	3,7043705761	0,0841142928	0,0150748913
2953,50	3,6287201817	3,7040870134	0,0738727014	0,0116026471
2954,00	3,6303794050	3,7046285233	0,0903250750	0,0107039402
2954,50	3,6317637525	3,7042333975	0,1036930495	0,0084095957
2955,00	3,6327250924	3,7044552295	0,0966266360	0,0146366936
2955,50	3,6344108851	3,7046266024	0,1950160494	0,0125988827
2956,00	3,6349897537	3,7048585183	0,6502344380	0,0128391779
2956,50	3,6365341389	3,7032354290	0,1160305830	0,0072262163
2957,00	3,6374383114	3,7032800702	0,1263572154	0,0087566604
2957,50	3,6392903234	3,7035764450	0,1413796717	0,0105471272
2958,00	3,6402317523	3,7030914169	0,1148912890	0,0113179487
2958,50	3,6422792764	3,7035153598	0,1149957270	0,0194965381
2959,00	3,6439814093	3,7032447263	0,1096339358	0,0368224477
2959,50	3,6450215094	3,7035670645	0,1110033688	0,0167261181
2960,00	3,6465013164	3,7036193607	0,1038355309	0,0420069974
2960,50	3,6472134882	3,7035303949	0,1018535354	0,0143608541
2961,00	3,6495104000	3,7036637420	0,1102698496	0,1395693481
2961,50	NaN	3,7033547726	0,1192265357	NaN
2962,00	NaN	3,7034328355	0,1035888848	NaN
2962,50	NaN	3,7033070674	0,0918964991	NaN
2963,00	NaN	3,7031676738	0,0970538070	NaN
2963,50	NaN	3,7033081047	0,0659618539	NaN
2964,00	NaN	3,7036954637	0,0642418879	NaN
2964,50	NaN	3,7046000297	0,0394712612	NaN
2965,00	NaN	3,7051285635	0,0302103318	NaN
2965,50	NaN	3,7064063316	0,0214503112	NaN
2966,00	NaN	3,7069679927	0,0191842917	NaN
2966,50	3,6565826070	3,7081587027	0,0159367747	0,1475374080
2967,00	3,6581420304	3,7087572731	0,0141067057	0,3185509937
2967,50	3,6585733719	3,7099784274	0,0095406497	0,0561101712
2968,00	3,6599611278	3,7113666919	0,0092908754	0,0498682178
2968,50	3,6606561636	3,7119528146	0,0088515116	0,0647035838
2969,00	3,6621894576	3,7050774162	0,0134361546	0,0605139319
2969,50	3,6628446187	3,7028266596	0,0365694395	0,0679052087
2970,00	3,6641332542	3,7033281061	0,0265342241	0,0627982581
2970,50	3,6651694348	3,7034258826	0,0443972551	0,0667171982
2971,00	3,6663396175	3,7026614592	0,0199037235	0,0625365562
2971,50	3,6673391603	3,7036622086	0,0097938986	0,0642165734
2972,00	3,6687816751	3,7034511002	0,0197061246	0,0708046831
2972,50	3,6702512909	NaN	NaN	0,0686763601
2973,00	3,6712821492	3,7022953520	0,0568361989	0,0686795416
2973,50	3,6726453755	3,7029699198	0,0428394612	0,0686114137
2974,00	3,6733505856	3,7021808901	0,0859362525	0,0704440388
2974,50	3,6750342757	3,7026814352	0,0483699618	0,0777472427
2975,00	3,6759905204	NaN	NaN	0,0755339926
2975,50	3,6774521708	3,6860930316	0,0359658374	0,0692144599
2976,00	3,6791325672	3,7010514051	0,0311767691	0,0734921741
2976,50	3,6798471388	3,7017905008	0,0350602865	0,0826711643
2977,00	NaN	3,7011129592	0,1272803532	NaN
2977,50	NaN	3,7008979413	0,0942991098	NaN
2978,00	NaN	NaN	NaN	NaN
2978,50	3,6845847373	NaN	NaN	0,0702540893
2979,00	3,6861605953	3,6949802986	0,0018758868	0,0766529066
2979,50	3,6867188756	NaN	NaN	0,0616844374
2980,00	NaN	3,6970199982	0,0013979040	NaN
2980,50	NaN	3,6986640377	0,0007192146	NaN
2981,00	NaN	3,6995107743	0,0007595643	NaN
2981,50	NaN	3,7008388944	0,0002931986	NaN
2982,00	3,6925101963	3,7018294795	0,0002530965	0,0936719062
2982,50	3,6939691516	3,7035517708	0,0002583993	0,0892917775
2983,00	3,6946681206	3,7042759965	0,0001401124	0,0849054972
2983,50	3,6960601374	3,7060231545	0,0002254466	0,0979043929
2984,00	3,6968627854	3,7067592272	0,0001549734	0,0980817757
2984,50	3,6981346616	3,7085359468	0,0002582114	0,0937406526
2985,00	3,6988168145	3,7101704259	0,0002799154	0,0920334478
2985,50	3,6994712834	3,7107854583	0,0002554094	0,1167384500
2986,00	3,7003001239	3,7124749079	0,0003896982	0,1169022060
2986,50	3,7007087790	3,7132405759	0,0003023634	0,1278999664
2987,00	3,7012455887	3,7148200204	0,0003246055	0,1287584257
2987,50	3,7017876792	3,7157104207	0,0002854705	0,1196846365
2988,00	3,7020995784	3,7172416090	0,0003343879	0,1121815530
2988,50	3,7022940408	3,7181079285	0,0004075859	0,1215638686
2989,00	3,7023190753	3,7196071381	0,0003117828	0,1014589023
2989,50	3,7026803632	3,7212232268	0,0003234028	0,1430712678
2990,00	3,7025620107	3,7223312496	0,0004767446	0,1281479984
2990,50	3,7029223797	3,7237615542	0,0004757001	0,1265083824
2991,00	3,7031247937	3,7244154419	0,0004469322	0,1335066707
2991,50	3,7031774954	3,7261166596	0,0002423490	0,1251160033
2992,00	3,7034070990	3,7269272157	0,0003199834	0,1383665862
2992,50	3,7034111138	3,7285296339	0,0003074336	0,1178080536
2993,00	3,7028595784	3,7301450996	0,0001729723	0,1258299395
2993,50	3,7033152821	3,7309221829	0,0003661080	0,1397280148
2994,00	3,7032236519	3,7326343751	0,0001937486	0,1229738517
2994,50	3,7032758130	3,7331874415	0,0001579172	0,1293546717
2995,00	3,7033784960	3,7350449600	0,0002216436	0,1236449185
2995,50	3,7033947814	3,7360482738	0,0002346140	0,1436594604
2996,00	3,7035633023	3,7377507768	0,0002699313	0,1340179077
2996,50	3,7034653782	3,7385703069	0,0001800816	0,1257055223
2997,00	3,7035500178	3,7402408142	0,0002433596	0,1294437908
2997,50	3,7034271070	3,7419236810	0,0002648983	0,1391431867
2998,00	3,7034079174	3,7427671920	0,0002848997	0,1478952643
2998,50	3,7035627800	3,7443733596	0,0003125472	0,1335925918
2999,00	3,7034756227	3,7453381996	0,0003395195	0,1214411785
2999,50	3,7036778196	3,7469234600	0,0003419283	0,1212778413
3000,00	3,7034961482	3,7478376503	0,0003328911	0,1265075643
3000,50	3,7035031627	3,7496745267	0,0003320460	0,1378300803
3001,00	3,7035704106	3,7506818792	0,0003594921	0,1360116528
3001,50	3,7035969745	3,7523035047	0,0003654019	0,1335732948
3002,00	3,7037251967	3,7536670063	0,0002359506	0,1219830167
3002,50	3,7035977428	3,7547352848	0,0003826085	0,1306888320
3003,00	3,7034833416	3,7563642374	0,0003713728	0,1381120411
3003,50	3,7036884096	3,7643524146	0,0939073495	0,1294336646
3004,00	3,7035330651	3,7666750746	0,0444743948	0,1336565932
3004,50	3,7036430353	3,7597395583	0,0004029040	0,1400761057
3005,00	3,7035354687	3,7613168661	0,0007618459	0,1425667670
3005,50	3,7036573664	3,7783715462	0,1501788738	0,1236235894
3006,00	3,7036125277	3,7783022101	0,1838296994	0,1398490085
3006,50	3,7036553302	3,7818684331	0,3116525139	0,1336772295
3007,00	3,7035902053	3,7762455690	0,2696558791	0,1286909961
3007,50	3,7037586262	3,7771379321	0,2135145805	0,1247698688
3008,00	3,7038797956	3,7788279205	0,2108337120	0,1422260032
3008,50	3,7037803484	3,7781162340	0,1428396204	0,1333781935
3009,00	3,7035861939	3,7716466519	0,0009202887	0,1283265440
3009,50	3,7036877732	3,7732657639	0,0009113373	0,1261176081
3010,00	3,7036197427	3,7750862493	0,0012108931	0,1323013837
3010,50	3,7037959439	3,7759781199	0,0012448589	0,1299803620
3011,00	3,7036652289	3,7776482082	0,0007364304	0,1265395623
3011,50	3,7034275070	3,7786405373	0,0007227451	0,1401716469
3012,00	3,7035755070	3,7802320633	0,0009932188	0,1413685014
3012,50	3,7037835277	3,7811510856	0,0010332523	0,1306618417
3013,00	3,7035554965	3,7827393242	0,0010049276	0,1316173108
3013,50	3,7037079704	3,7836021018	0,0013796440	0,1211656434
3014,00	3,7036034356	3,7852893884	0,0010284732	0,1263241406
3014,50	3,7037502124	3,7870307572	0,0013995237	0,1195119457
3015,00	3,7036690351	3,7879818644	0,0014003537	0,1233106436
3015,50	3,7037326090	3,7895555591	0,0014174027	0,1234782711
3016,00	3,7037619900	3,7907244976	0,0010935887	0,1227398053
3016,50	3,7037087986	3,7923078417	0,0010771381	0,1244715799
3017,00	3,7035772202	3,7932341554	0,0011034558	0,1234361833
3017,50	3,7036418767	3,7948686686	0,0015552242	0,1248248288
3018,00	3,7036769853	3,7958802769	0,0015430702	0,1287053503
3018,50	3,7035817172	3,7974597472	0,0015195931	0,1232201124
3019,00	3,7037202073	3,7990826252	0,0015504102	0,1547935926
3019,50	3,7037225200	3,8001674180	0,0011786543	0,1320561903
3020,00	3,7038240769	3,8016187555	0,0015971580	0,1188014183
3020,50	3,7039292455	3,8028483875	0,0016596750	0,1283933634
3021,00	3,7036883957	3,8044009526	0,0016195421	0,1195777903
3021,50	3,7036114973	3,8053152840	0,0011898751	0,1242040311
3022,00	3,7036448816	3,8072252567	0,0011905708	0,1246425685
3022,50	3,7035554244	3,8268514124	0,4415791597	0,1355835850
3023,00	3,7034762518	3,8095333136	0,0016244581	0,1230374402
3023,50	3,7036404736	3,8114175939	0,0016344660	0,1181932577
3024,00	3,7037413392	3,8120518544	0,0016250505	0,1209822686
3024,50	3,7035560231	3,8138998126	0,0016812036	0,1269489079
3025,00	3,7036654866	3,8148826501	0,0016974584	0,1201102105
3025,50	3,7036981895	3,8166596571	0,0012789537	0,1218560803
3026,00	3,7036402563	3,8326370326	0,2540735510	0,1182643116
3026,50	3,7035692762	3,8190669711	0,0009121065	0,1230785297
3027,00	3,7038127370	3,8200514242	0,0009046048	0,1213596915
3027,50	3,7037712311	3,8217258565	0,0012585666	0,1286139607
3028,00	3,7036584934	3,8233483802	0,0012681978	0,1292011015
3028,50	3,7036764675	3,8244365818	0,0009502480	0,1227438922
3029,00	3,7037407417	3,8260372363	0,0009106550	0,1318002182
3029,50	3,7038211525	3,8361527936	0,4801938077	0,1201268964
3030,00	3,7037651755	3,8286962706	0,0012954629	0,1299828961
3030,50	3,7036216764	3,8295103034	0,0016919231	0,1214802775
3031,00	3,7037309773	3,8310895661	0,0017094214	0,1299088418
3031,50	3,7037791848	3,8320889218	0,0017081845	0,1229911153
3032,00	3,7037145017	3,8339549684	0,0017112002	0,1368617832
3032,50	3,7036928121	3,8356393901	0,0022705199	0,1308108275
3033,00	3,7036063680	3,8565839129	0,9677279312	0,1302883013
3033,50	3,7037454935	3,8382849145	0,0022081863	0,1265024611
3034,00	3,7036898074	3,8392242766	0,0022392536	0,1168132201
3034,50	3,7038324611	3,8407864181	0,0022382160	0,1358080341
3035,00	3,7035704694	3,8581097481	0,8650167345	0,1199059465
3035,50	3,7035238171	3,8565876264	0,3957793840	0,1305840944
3036,00	3,7036270844	3,8600738945	0,7028294666	0,1200996004
3036,50	3,7038323091	3,8597075624	0,1201757734	0,1221993167
3037,00	3,7038177539	3,8637697517	0,2067198811	0,1398288628
3037,50	3,7039496066	3,8621513576	0,2294256804	0,1300615143
3038,00	3,7036170147	3,8618560091	0,3881980712	0,1267665943
3038,50	3,7036987910	3,8614857359	0,5604744164	0,1312339092
3039,00	3,7036511662	3,8641598218	0,5027539836	0,1252244001
3039,50	3,7038551327	3,8635024166	0,5898293858	0,1286146144
3040,00	3,7037361414	3,8556040949	0,0010183541	0,1276667916
3040,50	3,7035773861	3,8565029407	0,0009841897	0,1271906970
3041,00	3,7038106974	3,8581029285	0,0010265246	0,1355580537
3041,50	3,7037673739	3,8600319471	0,0010101441	0,1349038549
3042,00	3,7038486358	3,8609783681	0,0010024794	0,1332504689
3042,50	3,7036537789	3,8739469608	0,3663202474	0,1299447991
3043,00	3,7036782866	3,8634783510	0,0018258608	0,1319642144
3043,50	3,7037624624	3,8789068300	0,4186077502	0,1320542371
3044,00	3,7035885475	3,8794764633	1,0261761372	0,1293878469
3044,50	3,7035577428	3,8677989561	0,0023801280	0,1146125960
3045,00	3,7037251283	3,8687328005	0,0023738715	0,1260920744
3045,50	3,7037218966	3,8702646589	0,0024059670	0,1348061525
3046,00	3,7037418172	3,8719878238	0,0030092892	0,1224643485
3046,50	3,7036888131	3,8730747313	0,0039211596	0,1208098345
3047,00	3,7037586257	3,8748181637	0,0032278963	0,1270507802
3047,50	3,7037620239	3,8843701638	0,6906402836	0,1222962441
3048,00	3,7037414247	3,8772745704	0,0023427032	0,1163172553
3048,50	3,7035207980	3,8790478464	0,0018017272	0,1289719730
3049,00	3,7036922180	3,8801280210	0,0014322006	0,1141072024
3049,50	3,7038136906	3,8817884050	0,0013492628	0,1236740348
3050,00	3,7035261269	3,8827329328	0,0013687440	0,1169238254
